3
24
17
3
25
17
M006
k
1
6
12
35
45
0
00
00
250
7
800
0
0
0
0
0
0
3565512.049
3565512.111
3565512.112
3565512.027
3834345.003
3834473.013
3835294.003
3835377.013
3835755.001
3835803.004
3835804.014
3835806.004
3835807.014
3835947.011
3836095.001
3836106.004
3836138.014
3836176.011
3836184.001
3836193.011
3836504.003
3836546.013
3837293.003
3837393.013
3837426.003
3837462.013
3837513.003
3837532.013
3837770.001
3837777.004
3837783.014
3837785.004
3837790.014
3837800.004
3837806.014
3837819.004
3837829.014
3837831.004
3837836.014
3837850.004
3837852.014
3837957.011
3838087.001
3838098.004
3838103.014
3838110.004
3838115.014
3838121.004
3838122.014
3838126.004
3838143.014
3838144.004
3838152.014
3838248.011
3838718.001
3838728.004
3838740.014
3838744.004
3838745.014
3838798.011
3838895.001
3838922.004
3838937.014
3838940.004
3838968.014
3838975.004
3838982.014
3839040.011
3839246.001
3839259.004
3839273.014
3839328.011
3839479.001
3839487.004
3839509.014
3839552.011
3839560.001
3839570.004
3839580.014
3839665.011
3839834.001
3839843.004
3839847.014
3839861.004
3839866.014
3839869.004
3839877.014
3839884.004
3839900.014
3839929.004
3839949.014
3839971.011
3840073.001
3840110.011
3840354.003
3840386.006
3840390.016
3840426.013
3840428.003
3840434.013
3840770.003
3840790.006
3840792.016
3840801.006
3840805.016
3840891.006
3840895.016
3840901.006
3840905.016
3840942.013
3841016.003
3841038.006
3841042.016
3841058.006
3841059.016
3841087.006
3841089.016
3841183.013
3841354.003
3841390.006
3841393.016
3841531.013
3842147.003
3842257.013
3842375.003
3842402.006
3842406.016
3842451.013
3842461.003
3842555.006
3842559.016
3842584.006
3842599.016
3842604.006
3842621.016
3842754.013
3843053.003
3843080.006
3843082.016
3843400.006
3843404.016
3843410.006
3843412.016
3843418.006
3843419.016
3843422.006
3843428.016
3843440.013
3843954.003
3843983.006
3843987.016
3844023.013
3844089.003
3844152.013
3844559.001
3844618.011
3844636.001
3844642.011
3844645.001
3844660.011
3844687.001
3844729.004
3844734.014
3844748.004
3844755.014
3844761.004
3844861.014
3844867.004
3844967.014
3844974.004
3845052.014
3845069.004
3845114.014
3845150.004
3845205.014
3845211.004
3845321.014
3845343.011
3845486.001
3845501.004
3845511.014
3845514.004
3845520.014
3845521.004
3845552.014
3845565.004
3845605.014
3845607.004
3845623.014
3845625.004
3845640.014
3845642.004
3845684.014
3845690.004
3845727.014
3845785.011
3845946.001
3845963.004
3845970.014
3845973.004
3846013.014
3846069.004
3846079.014
3846081.004
3846102.014
3846114.004
3846117.014
3846141.004
3846147.014
3846185.011
3846205.001
3846217.004
3846251.014
3846288.011
3846290.001
3846297.011
3846299.001
3846303.011
3846385.001
3846397.004
3846416.014
3846446.011
3846467.001
3846475.011
3847002.001
3847011.004
3847020.014
3847033.004
3847041.014
3847054.011
3847251.003
3847284.006
3847286.016
3847289.006
3847293.016
3847324.013
3847348.003
3847418.013
3848056.003
3848087.013
3848276.002
3848592.012
3848711.001
3848721.004
3848727.014
3848749.004
3848754.014
3848796.004
3848825.014
3848829.004
3848860.014
3848885.004
3848891.014
3848919.011
3849229.003
3849263.013
3849493.002
3849535.012
3849679.001
3849714.011
3849742.001
3849746.011
3850780.003
3850816.013
3850827.003
3850834.013
3851033.001
3851080.011
3856481.001
3856517.011
3857342.003
3857403.013
3884368.003
3884470.006
3884472.016
3884501.013
3898732.003
3898810.013
3899094.003
3899173.013
3899411.001
3899419.004
3899426.014
3899438.004
3899440.014
3899468.011
3899479.001
3899488.011
3900445.003
3900473.013
3900596.001
3900622.011
3902121.003
3902153.013
3907792.003
3907837.013
3908033.001
3908075.004
3908079.014
3908090.011
3911011.001
3911046.011
3911156.003
3911185.013
3913034.003
3913051.013
3915449.003
3915488.013
3915640.001
3915665.011
3933265.003
3933306.013
3933548.001
3933592.011
3939472.003
3939506.013
3941697.001
3941721.011
3943047.003
3943080.013
3957992.003
3958019.013
3958229.001
3958249.011
3960410.003
3960419.006
3960421.016
3960439.013
3964615.003
3964643.013
3964845.001
3964865.011
3968364.003
3968389.013
3970482.003
3970510.013
3981358.003
3981392.013
3981542.001
3981565.011
3986052.003
3986088.013
4001719.002
4001727.012
4001831.001
4001842.004
4001845.014
4001861.011
4007288.003
4007312.013
4013404.003
4013434.013
4013601.001
4013614.011
4016529.003
4016554.013
4023677.003
4023698.013
4033946.003
4033983.013
4067809.003
4067978.013
4082426.003
4082499.013
4082734.001
4082758.004
4082767.014
4082807.011
4082812.001
4082820.011
4083054.001
4083078.011
4086868.003
4086922.013
4087273.001
4087285.004
4087289.014
4087290.004
4087294.014
4087331.011
4087405.001
4087427.011
4096267.003
4096295.013
4096513.001
4096539.011
4098366.003
4098388.013
4102878.003
4102893.013
4105340.003
4105365.013
4105538.049
4105538.027
4109054.003
4109082.013
4109287.001
4109308.011
4113855.001
4113890.011
4114758.002
4114823.012
4114837.002
4114859.012
4114875.002
4114881.012
4116617.003
4116649.013
4131031.001
4131073.011
4131088.001
4131089.011
4131203.003
4131226.013
4133994.003
4134004.013
4138942.003
4139011.013
4139014.003
4139015.013
4139026.003
4139028.013
4139029.003
4139030.013
4139035.003
4139083.013
4139084.006
4139085.016
4139090.003
4139106.013
4139107.006
4139109.016
4139116.003
4139122.013
4139126.003
4139135.013
4139136.003
4139137.013
4139139.003
4139147.013
4139149.003
4139152.013
4139154.006
4139155.003
4139157.016
4139158.013
4141102.001
4141109.004
4141122.014
4141138.011
4141157.001
4141162.011
4141306.003
4141406.013
4152711.003
4152753.013
4153628.003
4153645.006
4153647.016
4153653.006
4153655.016
4153663.006
4153666.016
4153844.013
4153954.003
4153975.006
4153980.016
4153998.006
4154002.016
4154047.013
4154051.003
4154061.013
4154065.003
4154067.013
4154073.003
4154089.013
4154092.003
4154102.013
4156330.001
4156400.004
4156487.014
4156589.004
4156637.014
4156642.004
4156650.014
4156654.004
4156655.014
4156721.011
4157203.001
4157214.004
4157225.014
4157254.011
4157261.001
4157265.011
4157268.001
4157279.011
4157281.001
4157282.011
4157296.001
4157297.011
4157298.001
4157329.004
4157374.014
4157375.004
4157378.014
4157382.004
4157389.014
4157416.004
4157419.014
4157429.004
4157436.014
4157452.011
4157566.001
4157576.004
4157587.014
4157600.004
4157602.014
4157633.004
4157634.014
4157661.011
4157662.001
4157683.011
4158073.002
4158077.012
4158082.002
4158091.012
4158110.002
4158188.012
4158430.001
4158457.011
4158470.001
4158471.011
4158479.001
4158486.011
4158702.002
4158733.012
4158771.002
4158772.012
4158843.002
4158937.012
4158972.002
4159297.012
4159649.003
4159662.006
4159663.016
4159667.006
4159670.016
4159674.006
4159677.016
4159743.006
4159747.016
4159751.006
4159753.016
4159757.006
4159762.016
4159775.006
4159779.016
4159803.013
4159805.003
4159812.013
4159815.003
4159818.013
4159821.003
4159823.013
4159824.006
4159825.016
4159830.003
4159833.013
4159838.003
4159846.013
4159855.003
4159887.006
4159900.016
4159904.006
4159912.016
4159946.013
4160047.003
4160063.006
4160064.016
4160068.006
4160072.016
4160076.006
4160079.016
4160107.013
4160110.003
4160112.013
4160122.003
4160124.013
4160142.003
4160143.013
4160163.003
4160164.013
4160174.003
4160176.013
4160181.003
4160183.013
4160184.003
4160185.013
4160192.003
4160205.013
4160220.003
4160229.013
4160232.003
4160234.013
4160239.003
4160240.013
4160246.003
4160247.013
4160255.003
4160258.013
4160260.003
4160263.013
4160277.003
4160279.013
4160300.003
4160301.013
4160334.003
4160335.013
4160338.003
4160374.006
4160375.016
4160389.013
4160390.003
4160419.013
4160421.003
4160426.013
4160441.003
4160450.013
4160454.003
4160459.013
4160465.003
4160472.013
4160505.003
4160507.013
4160509.003
4160568.006
4160570.016
4160619.013
4160624.003
4160625.013
4160630.003
4160634.013
4160635.003
4160638.013
4160647.003
4160665.013
4160668.003
4160673.013
4160684.003
4160686.013
4160689.003
4160691.013
4160698.003
4160831.006
4160835.016
4160839.006
4160843.016
4160847.006
4160850.016
4160880.013
4160888.003
4160905.013
4160906.003
4160916.013
4160918.003
4160979.013
4160980.003
4160997.013
4160998.006
4160999.016
4161001.003
4161010.013
4161012.003
4161060.013
4161061.003
4161064.013
4161112.003
4161273.013
4161275.003
4161283.013
4161284.003
4161301.013
4161302.006
4161303.003
4161303.016
4161338.006
4161339.016
4161340.006
4161341.016
4161422.006
4161423.016
4161483.013
4161650.002
4161763.012
4161866.002
4162111.012
4162281.002
4162442.012
4162520.001
4162561.011
4162565.001
4162568.011
4162569.001
4162580.011
4162588.001
4162590.011
4162591.001
4162601.011
4162641.001
4162654.011
4162666.001
4162667.011
4162667.004
4162669.014
4162677.001
4162684.011
4162684.004
4162686.014
4162688.001
4162699.004
4162703.014
4162716.004
4162722.014
4162753.004
4162765.014
4162771.004
4162779.014
4162780.004
4162787.014
4162799.011
4162804.001
4162814.011
4162830.001
4162836.011
4162839.001
4162860.004
4162864.014
4162901.004
4162904.014
4162912.004
4162921.014
4162943.011
4162949.001
4163031.011
4163035.001
4163053.011
4163061.001
4163100.011
4163108.001
4163113.011
4163115.001
4163116.011
4163118.001
4163149.011
4163270.001
4163278.004
4163287.014
4163301.004
4163307.014
4163312.004
4163313.014
4163364.011
4166062.003
4166082.013
4169603.003
4169631.013
4169777.001
4169790.011
4174920.003
4174932.013
4179979.003
4180005.013
4204443.003
4204479.013
4207699.003
4207720.013
4227302.003
4227348.013
4227925.001
4227930.004
4227932.014
4227952.011
4241101.003
4241124.013
4246498.003
4246520.013
4250278.003
4250305.013
4261125.003
4261142.013
4296726.003
4296763.013
4296922.001
4296939.011
4322152.001
4322182.011
4322430.001
4322475.011
4322480.001
4322482.011
3
24
17
3
25
17
M006
k
1
6
12
35
45
0
00
00
250
7
800
0
0
0
0
0
0
4322485.001
4322486.011
4353321.001
4353339.004
4353340.014
4353373.011
4353383.001
4353391.011
4353523.003
4353579.013
4355536.002
4355570.012
4355675.002
4355685.012
4376585.001
4376588.011
4376591.001
4376602.004
4376603.014
4376610.004
4376628.014
4376629.004
4376633.014
4376650.011
4377870.001
4377876.004
4377896.014
4377917.004
4377920.014
4377932.004
4377934.014
4378011.011
4378344.001
4378351.004
4378368.014
4378381.004
4378387.014
4378402.004
4378421.014
4378434.011
4382663.003
4382695.013
4383013.001
4383024.004
4383033.014
4383047.011
4397843.001
4397853.004
4397870.014
4397893.004
4397898.014
4397904.004
4397915.014
4397985.011
4398160.003
4398167.006
4398170.016
4398176.006
4398179.016
4398216.006
4398219.016
4398328.013
4398404.003
4398408.013
4398419.003
4398420.013
4398421.003
4398424.013
4398435.003
4398437.013
4398444.003
4398447.013
4398449.003
4398450.013
4398453.003
4398455.013
4398463.003
4398465.013
4398466.003
4398475.013
4398484.003
4398497.013
4398516.003
4398520.013
4398736.001
4398752.011
4398755.001
4398774.011
4398811.001
4398858.011
4398862.001
4398866.011
4398868.001
4398869.011
4398883.001
4398884.011
4398897.001
4398907.011
4398939.001
4398988.004
4398990.014
4399003.004
4399006.014
4399018.004
4399020.014
4399026.004
4399027.014
4399059.004
4399070.014
4399091.004
4399102.014
4399105.004
4399106.014
4399113.004
4399135.011
4399138.001
4399140.014
4399165.011
4399166.004
4399168.014
4399169.001
4399212.011
4399218.001
4399247.011
4399248.001
4399252.011
4399255.001
4399263.011
4399265.001
4399273.011
4399277.001
4399278.011
4399287.001
4399292.011
4399294.001
4399296.011
4399316.001
4399319.011
4399322.001
4399363.004
4399381.014
4399397.004
4399402.014
4399415.011
4399418.001
4399424.011
4399425.001
4399434.011
4399548.001
4399575.011
4399578.001
4399598.011
4399602.001
4399616.011
4399622.001
4399639.011
4399644.001
4399695.011
4399696.001
4399699.011
4399714.001
4399720.011
4399721.001
4399723.011
4399724.001
4399753.004
4399755.014
4399768.004
4399774.014
4399807.004
4399816.014
4399843.004
4399844.014
4399845.004
4399856.014
4399878.011
4399879.001
4399937.011
4399941.001
4399971.011
4399975.001
4400046.011
4400047.001
4400049.011
4400064.001
4400070.011
4400072.001
4400074.011
4400076.001
4400087.011
4400131.001
4400136.004
4400162.014
4400208.011
4400213.001
4400229.011
4400230.001
4400230.004
4400231.011
4400231.014
4400233.001
4400333.011
4400336.001
4400353.011
4400355.001
4400357.011
4400368.001
4400370.011
4400371.001
4400390.011
4400430.001
4400450.011
4400454.001
4400583.004
4400584.014
4400602.004
4400605.014
4400616.004
4400618.014
4400637.004
4400658.014
4400668.004
4400712.014
4400784.004
4400786.014
4400798.004
4400801.014
4400802.004
4400803.014
4400815.004
4400822.014
4400853.004
4400862.014
4400880.011
4400881.004
4400882.014
4400886.001
4400895.011
4400982.001
4401075.011
4401082.001
4401085.004
4401087.014
4401104.004
4401107.014
4401116.004
4401117.014
4401119.004
4401121.014
4401151.011
4401152.001
4401157.011
4401172.001
4401174.011
4401178.001
4401179.011
4401181.001
4401187.011
4401253.001
4401266.011
4401270.001
4401277.004
4401279.014
4401307.011
4401311.001
4401314.011
4401315.001
4401316.011
4401317.001
4401358.004
4401361.014
4401372.004
4401379.014
4401391.004
4401398.014
4401423.011
4401426.001
4401428.011
4401430.001
4401432.011
4401436.001
4401467.011
4401472.001
4401490.011
4401492.001
4401497.011
4401620.003
4401693.013
4401698.003
4401703.013
4401712.003
4401713.013
4401715.003
4401716.013
4401719.003
4401720.013
4401727.003
4401728.013
4401732.003
4401733.013
4401738.003
4401739.013
4401740.003
4401741.013
4401748.003
4401762.013
4401767.003
4401769.013
4401770.003
4401784.013
4402191.003
4402306.013
4402308.003
4402312.013
4402317.003
4402318.013
4402594.003
4402684.013
4403091.003
4403131.013
4404319.003
4404324.013
4404329.003
4404349.013
4404360.003
4404396.013
4405174.003
4405176.013
4405181.003
4405249.013
4405363.003
4405384.013
4405386.003
4405391.013
4405720.003
4405750.013
4405763.003
4405788.013
4405824.003
4405826.013
4406018.003
4406029.013
4406307.003
4406320.013
4406322.003
4406517.013
4406764.003
4406900.013
4406908.003
4406916.013
4406921.003
4407002.013
4407015.003
4407041.013
4407063.003
4407089.013
4407506.001
4407526.011
4407689.003
4407767.013
4407770.003
4407771.013
4408011.003
4408043.013
4408107.003
4408108.013
4408419.003
4408435.013
4408776.003
4409010.013
4409106.003
4409126.013
4409171.003
4409485.013
4409523.003
4409689.013
4409724.003
4409823.013
4409915.003
4410096.013
4410419.003
4410439.013
4410719.003
4410823.013
4410827.003
4410913.013
4410923.003
4410924.013
4411089.003
4411112.013
4411146.003
4411409.013
4411415.003
4411478.013
4411515.003
4411525.006
4411530.016
4411544.006
4411547.016
4411663.013
4411741.003
4411847.013
4412240.003
4412261.013
4412353.003
4412381.006
4412392.016
4412396.006
4412405.016
4412432.013
4413401.003
4413427.013
4413452.003
4413467.013
4413486.003
4413487.013
4413495.003
4413497.013
4413590.003
4413601.013
4413607.003
4413612.013
4413634.003
4413637.013
4413642.003
4413664.013
4414123.003
4414166.013
4414790.003
4414799.013
4414815.003
4414886.013
4415096.003
4415121.013
4415196.003
4415346.013
4418178.003
4418224.013
4418454.003
4418458.013
4418500.003
4418511.013
4418552.003
4418565.013
4418567.003
4418573.013
4418664.003
4418786.013
4418813.003
4418947.013
4419146.003
4419169.013
4419288.003
4419358.013
4419359.003
4419509.013
4419987.001
4420017.011
4424004.003
4424034.013
4424206.001
4424236.011
4458932.003
4458975.013
4459214.003
4459275.013
4466023.003
4466044.013
4467421.003
4467438.013
4494484.001
4494527.004
4494533.014
4494563.004
4494565.014
4494584.011
4494685.003
4494713.013
4510539.003
4510565.013
4510760.001
4510779.011
4559825.001
4559865.004
4559872.014
4559874.004
4559880.014
4559884.004
4559948.014
4559950.004
4559984.014
4559992.004
4560000.014
4560002.004
4560085.014
4560086.004
4560136.014
4560158.004
4560251.014
4560266.011
4560547.003
4560574.013
4561198.001
4561226.004
4561233.014
4561234.004
4561289.014
4561306.004
4561388.014
4561417.011
4564430.003
4564521.013
4566206.002
4566392.012
4573935.003
4573967.013
4576160.002
4576174.012
4576278.001
4576299.011
4585708.003
4585756.013
4586817.002
4587107.012
4587219.002
4587221.012
4587227.002
4587244.012
4587265.002
4587334.012
4587336.002
4587337.012
4587342.002
4587360.012
4587364.002
4587366.012
4587367.002
4587388.012
4587392.002
4587394.012
4587399.002
4587407.012
4587408.002
4587424.012
4587431.002
4587432.012
4587447.002
4587481.012
4587482.002
4587488.012
4587493.002
4587505.012
4587773.002
4587819.012
4587841.002
4587853.012
4587855.002
4587857.012
4587864.002
4587876.012
4587895.002
4588195.012
4588235.002
4588237.012
4588248.002
4588269.012
4588270.002
4588304.012
4588308.002
4588311.012
4588315.002
4588318.012
4588744.002
4588859.012
4588871.002
4589167.012
4589184.002
4589190.012
4589202.002
4589203.012
4589207.002
4589214.012
4589662.002
4590072.012
4590088.002
4590103.012
4590295.002
4590368.012
4590518.002
4590519.012
4590524.002
4590531.012
4590532.002
4590588.012
4590597.002
4590628.012
4590709.002
4590711.012
4590716.002
4590838.012
4591017.002
4591080.012
4591086.002
4591092.012
4591134.002
4591231.012
4591309.002
4591361.012
4591506.001
4591552.011
4591565.001
4591570.011
4591747.002
4591788.012
4591794.002
4591797.012
4591885.002
4591999.012
4592009.002
4592062.012
4592116.002
4592175.012
4592219.002
4592313.012
4592321.002
4592325.012
4592527.001
4592545.011
4592554.001
4592563.004
4592574.014
4592575.004
4592578.014
4592703.011
4593139.002
4593208.012
4593216.002
4593272.012
4624555.002
4624587.012
4637669.003
4637704.013
4637963.001
4637990.011
4640028.001
4640045.011
4645633.001
4645648.011
4648697.003
4648725.013
4648886.001
4648904.011
4699916.001
4699951.011
4700073.003
4700098.013
4717484.001
4717503.011
4730689.001
4730732.011
4730738.001
4730745.011
4731245.003
4731281.013
5416220.003
5416275.013
5416598.001
5416652.011
5416671.001
5416704.011
5416832.001
5416848.011
5417538.003
5417621.013
5419334.003
5419385.013
5824922.003
5824978.013
5824994.003
5824998.013
5826080.001
5826116.011
5826132.001
5826140.011
5838411.003
5838475.013
5839651.003
5839672.013
5840509.003
5840551.013
5840799.001
5840820.011
5853554.003
5853588.013
5855182.001
5855211.011
5855212.001
5855216.011
5855315.001
5855373.011
5861148.002
5861193.012
5870014.001
5870029.004
5870042.014
5870043.004
5870058.014
5870092.011
5870299.001
5870315.011
5870325.001
5870326.011
5870337.001
5870346.011
5872546.003
5872693.013
5888835.003
5888872.013
5888945.003
5888962.013
5889076.003
5889125.013
5899394.003
5899514.006
5899515.016
5899550.013
5929674.003
5929715.013
5930388.001
5930415.011
5967547.003
5967639.013
5970198.003
5970233.013
5970797.001
5970821.011
6003256.001
6003271.011
6003425.003
6003463.013
6005644.001
6005686.011
6032782.003
6032972.013
6033162.003
6033190.013
6033196.003
6033218.013
6033413.001
6033442.011
6033449.001
6033451.011
6042673.001
6042704.011
6043062.001
6043086.011
6043244.003
6043303.013
6105961.001
6105974.004
6105985.014
6106002.011
6107769.001
6107808.011
6110432.003
6110477.013
6136119.001
6136146.011
6191198.002
6191260.012
6191270.002
6191280.012
6193051.003
6193073.013
6193098.003
6193104.013
6195832.003
6195942.013
6248997.003
6249026.013
6249957.003
6249993.013
6250165.001
6250175.011
6323999.001
6324064.011
6324387.003
6324416.013
6353914.003
6353946.013
6387672.003
6387732.013
6387743.003
6387754.013
6390137.003
6390232.013
7579394.001
7579662.011
7579674.001
7579677.011
3
24
17
3
25
17
M006
k
1
6
12
35
45
0
00
00
250
7
800
0
0
0
0
0
0
7580151.003
7580324.013
7580548.003
7580681.013
7581316.003
7581328.006
7581329.016
7581372.006
7581373.016
7581376.006
7581387.016
7581431.013
7581828.003
7581924.006
7581929.016
7581936.006
7581945.016
7581950.006
7581958.016
7581964.006
7581970.016
7581978.006
7581987.016
7581989.006
7581998.016
7582115.013
7595675.003
7595775.013
7598383.003
7598484.006
7598490.016
7598494.006
7598502.016
7598505.006
7598527.016
7598544.013
7602021.003
7602071.013
7603407.003
7603500.013
7618266.003
7618297.013
7619391.003
7619453.013
7619553.003
7619604.006
7619606.016
7619612.006
7619618.016
7619646.013
7619674.003
7619676.013
7623288.001
7623325.011
7623345.001
7623352.011
7623583.003
7623616.013
7623880.003
7623922.013
7623940.003
7624011.013
7625670.003
7625709.006
7625717.016
7625721.006
7625728.016
7625731.006
7625739.016
7625746.006
7625747.016
7625815.013
7625965.003
7625999.006
7626000.016
7626012.006
7626024.016
7626092.013
7627287.003
7627333.013
7627349.003
7627351.013
7627590.001
7627614.011
7627626.001
7627638.011
7627656.001
7627750.011
7635858.003
7635895.013
7637612.001
7637657.011
7637939.001
7637966.011
7638499.003
7638516.006
7638517.016
7638604.013
7639558.003
7639607.013
7646839.003
7646884.013
7684611.003
7684642.013
7726618.003
7726658.013
7757270.003
7757342.013
7758486.001
7758541.011
7772667.003
7772706.013
7837903.003
7837978.013
7838317.003
7838391.013
7885600.041
7885602.059
7885602.037
7885619.003
7885666.013
7885803.003
7885828.013
7886161.003
7886239.013
7898631.102
7912601.101
7915167.003
7915168.023
7915188.033
7915218.006
7915219.016
7915221.006
7915279.016
7915319.006
7915350.016
7915397.013
7919144.003
7919268.013
7920400.003
7920576.013
7920712.003
7921572.013
7921669.003
7922282.006
7922283.016
7922633.013
7922636.003
7922745.013
7922757.003
7922905.013
7923195.003
7923723.013
7923866.003
7924550.013
7924768.003
7925213.013
7925496.003
7925745.013
7925767.003
7925888.013
7925979.003
7926207.013
7927063.003
7927219.013
7927254.003
7927255.013
7927258.003
7927265.013
7927268.003
7927271.013
7927283.003
7927458.013
7927528.003
7927587.013
7927839.003
7927898.013
7928323.003
7928504.102
7928506.023
7928509.013
7928523.003
7928526.033
7928556.006
7928558.016
7928559.006
7928599.016
7928607.006
7928609.016
7928638.013
7932120.003
7932396.013
7932454.003
7932943.013
7932944.003
7933220.013
7933332.003
7933518.013
7933519.003
7933520.013
7933574.003
7934117.013
7934207.003
7934636.013
7934696.003
7934790.013
7934810.003
7934894.013
7934895.003
7934911.013
7934912.003
7934913.013
7935252.003
7935751.013
7936007.003
7936082.013
7936087.003
7936337.013
7936715.002
7936733.012
7936862.001
7936863.021
7936883.031
7936918.004
7936945.014
7936953.004
7936955.014
7936981.011
7939443.001
7939502.011
7939767.001
7939820.011
7940120.003
7940226.013
7940317.003
7940387.013
7940890.001
7940942.004
7940947.014
7941014.004
7941017.014
7941057.004
7941060.014
7941214.011
7941404.001
7941460.011
7941462.001
7941467.011
7941783.003
7941889.013
7942080.002
7942100.012
7942426.001
7942489.011
7942714.001
7942754.011
7943242.003
7943360.013
7945185.001
7945291.011
7945348.001
7945371.011
7945553.003
7945684.013
7945962.001
7946006.101
7946008.021
7946028.031
7946056.004
7946093.014
7946122.011
7948431.102
7949230.001
7949274.011
7949905.001
7949969.011
7950197.003
7950198.023
7950218.033
7950284.101
7950290.013
7952339.102
7954303.003
7954304.023
7954324.033
7954392.006
7954396.016
7954420.013
7957734.003
7957960.013
7958371.003
7958631.013
7958918.003
7959105.013
7959111.003
7959135.013
7959433.001
7959434.021
7959449.004
7959452.014
7959454.004
7959454.031
7959455.014
7959456.004
7959458.014
7959493.004
7959534.014
7959562.011
7960467.101
7962188.001
7962189.021
7962209.004
7962209.031
7962215.014
7962231.004
7962258.014
7962281.011
7963321.102
7965032.001
7965120.011
7965425.001
7965538.011
7965991.001
7966041.011
7966236.003
7966237.023
7966257.033
7966291.006
7966312.016
7966331.013
7969230.003
7969370.013
7970569.003
7970742.013
7970998.001
7971052.004
7971055.014
7971098.004
7971105.014
7971207.011
7971436.003
7971647.013
7971703.003
7971739.013
7971826.002
7971854.012
7972097.001
7972113.004
7972115.014
7972118.004
7972120.014
7972152.004
7972157.014
7972201.011
7972434.003
7972576.013
7972826.001
7972858.011
7972877.001
7972907.011
7973193.001
7973221.011
7973429.003
7973504.013
7974026.003
7974105.013
7976204.003
7976267.013
7976422.003
7976445.013
7976993.002
7977018.012
7977121.001
7977164.011
7977227.001
7977240.004
7977249.014
7977262.011
7977711.003
7977736.102
7977738.023
7977758.033
7977790.006
7977791.016
7977798.006
7977820.016
7977842.013
7981057.101
7983837.102
7985558.003
7985559.023
7985579.033
7985604.006
7985631.016
7985652.013
7989432.003
7989529.013
7990318.003
7990551.013
7990558.003
7990644.013
7990719.003
7990790.013
7990988.001
7990989.021
7991000.004
7991004.014
7991009.031
7991012.004
7991013.014
7991043.004
7991058.014
7991077.011
7993793.001
7993802.011
7993830.001
7993932.011
7994105.001
7994138.011
7994288.003
7994401.013
7995004.001
7995016.004
7995019.014
7995030.004
7995034.014
7995052.004
7995059.014
7995075.004
7995078.014
7995109.011
7995346.003
7995412.013
7995761.001
7995771.011
7996128.003
7996199.013
7998696.003
7998775.013
7999149.001
7999204.011
7999520.003
7999562.013
8001050.003
8001113.013
8002466.003
8002536.013
8002693.001
8002733.011
8003476.003
8003518.013
8008522.101
8009480.003
8009583.013
8010729.003
8010804.013
8011017.102
8011038.001
8011039.021
8011059.031
8011085.004
8011087.014
8011092.004
8011116.014
8011137.011
8013463.001
8013516.011
8013673.001
8013697.011
8013906.003
8013907.023
8013927.033
8013965.006
8013975.016
8013992.013
8018970.003
8019080.013
8019309.003
8019511.013
8019725.001
8019745.004
8019748.014
8019823.011
8019954.003
8020020.013
8020225.003
8020258.013
8020616.001
8020630.004
8020632.014
8020651.011
8021385.102
8022558.003
8022559.023
8022579.033
8022608.006
8022627.016
8022630.006
8022635.016
8022656.013
8023756.101
8025934.003
8025999.013
8026187.001
8026188.021
8026208.031
8026238.004
8026263.014
8026284.011
8028800.001
8028839.011
8028931.001
8028962.011
8029054.001
8029101.011
8029243.003
8029370.013
8029387.003
8029418.013
8029665.001
8029679.004
8029680.014
8029759.011
8029791.001
8029811.011
8030111.003
8030179.013
8031285.102
8031465.003
8031466.023
8031486.033
8031519.006
8031536.016
8031558.013
8032125.102
8037030.003
8037031.023
8037051.033
8037092.006
8037114.016
8037134.013
8040611.101
8041096.003
8041183.013
8041427.003
8041481.013
8041672.001
8041673.021
8041683.004
8041686.014
8041690.004
8041693.014
8041693.031
8041729.004
8041773.014
8041794.011
8044261.001
8044302.004
8044307.014
8044322.011
8044729.003
8044824.013
8044927.002
8044935.012
8045017.001
8045030.004
8045047.014
8045092.004
8045097.014
8045133.004
8045135.014
8045200.011
8045411.101
8045724.003
8045775.013
8046037.001
8046038.021
8046056.004
8046058.014
8046058.031
8046060.004
8046063.014
8046084.004
8046107.014
8046147.011
8048343.001
8048355.004
8048383.014
8048430.011
8048719.003
8048781.013
8049347.001
8049357.004
8049371.014
8049387.011
8055708.003
8055762.013
8056010.001
8056022.004
8056026.014
8056054.011
8056873.101
8057131.102
8057148.003
8057149.023
8057169.033
8057206.006
8057218.016
8057240.013
8059916.001
8059917.021
8059928.004
8059932.014
8059934.004
8059937.031
8059940.014
8059950.004
8059951.014
8059967.004
8059990.014
8060013.011
8062459.001
8062498.011
8062512.001
8062532.011
8062730.003
8062798.013
8063120.001
8063133.004
8063135.014
8063157.011
8065154.003
8065201.013
8066181.003
8066214.013
8066420.001
8066431.004
8066435.014
8066450.011
8068176.003
8068214.013
8068398.001
8068428.011
8075267.003
8075299.013
8075471.001
8075500.011
8077481.003
8077517.013
8078019.101
8078900.003
8078939.013
8079140.001
8079141.021
8079153.004
8079156.014
8079161.004
8079161.031
8079162.014
8079191.004
8079205.014
8079220.011
8079931.102
8081359.001
8081374.004
8081375.014
8081380.004
8081383.014
8081422.011
8081793.003
8081794.023
8081814.033
8081865.006
8081872.016
8081888.013
8082693.101
8084907.003
8084958.013
8085223.001
8085224.021
8085234.004
8085241.014
8085244.031
8085249.004
8085251.014
8085277.004
8085298.014
8085317.011
8086352.101
8087724.102
8087774.001
8087775.021
8087795.031
8087810.004
8087815.014
8087825.004
8087847.014
8087865.011
8088947.101
8090397.001
8090398.021
8090418.031
8090419.004
8090422.014
8090424.004
8090428.014
8090504.011
8092762.001
8092777.004
8092781.014
8092815.011
8092829.001
8092859.011
8092955.001
8093001.011
8093210.003
8093211.023
8093231.033
8093268.006
8093284.016
8093305.013
8096139.003
8096203.013
8096404.001
8096419.004
8096423.014
8096508.011
8096528.001
8096542.011
8096623.001
8096633.011
8096750.003
8096787.013
8106673.003
8106727.013
8106931.001
8106963.011
8108003.101
8109836.003
8109866.013
8110272.001
8110273.021
8110293.031
8110327.004
8110359.014
8110364.004
8110366.014
8110385.011
8112506.001
8112559.011
8112818.003
8112881.013
8113398.101
8113445.001
8113446.021
8113466.031
8113507.004
8113524.014
8113549.011
8115743.001
8115763.004
8115765.014
8115835.011
8115965.003
8116006.013
8116300.001
8116307.004
8116316.014
8116335.011
8118713.102
8118743.003
8118744.023
8118764.033
8118795.006
8118803.016
8118828.013
8121550.002
8121570.012
8121645.001
8121657.004
8121661.014
8121690.011
8125041.003
8125097.013
8125928.102
8126025.003
8126026.023
8126046.033
8126072.006
8126073.016
8126076.006
8126113.016
8126116.006
8126122.016
8126139.013
8126323.003
8126422.013
8126790.003
8126794.013
8126807.001
3
24
17
3
25
17
M006
k
1
6
12
35
45
0
00
00
250
7
800
0
0
0
0
0
0
8126859.011
8127551.101
8130431.003
8130475.013
8130717.001
8130718.021
8130734.004
8130737.014
8130738.031
8130739.004
8130742.014
8130768.004
8130790.014
8130810.011
8133414.001
8133460.011
8133642.003
8133677.013
8133863.001
8133870.004
8133874.014
8133895.011
8135765.003
8135859.013
8138428.003
8138461.013
8138644.001
8138672.011
8143915.003
8143964.013
8147295.003
8147331.013
8151229.001
8151261.011
8158010.001
8158026.004
8158029.014
8158047.011
8159053.102
8162454.003
8162455.023
8162475.033
8162510.006
8162528.016
8162564.013
8167741.003
8167800.013
8167922.001
8167947.011
8170451.102
8171823.003
8171824.023
8171844.033
8171873.006
8171892.016
8171926.013
8175041.003
8175068.013
8175623.002
8175643.012
8175829.003
8175831.013
8180335.003
8180367.013
8180522.001
8180537.004
8180538.014
8180560.011
8181994.101
8183568.003
8183605.013
8183817.001
8183818.021
8183835.004
8183838.031
8183840.014
8183863.004
8183899.014
8183921.011
8184575.102
8185972.001
8185989.004
8185999.014
8186066.011
8186229.003
8186230.023
8186250.033
8186294.006
8186322.016
8186347.013
8188669.001
8188679.004
8188685.014
8188702.011
8195049.003
8195118.013
8195352.001
8195377.011
8196463.003
8196497.013
8196708.101
8197525.003
8197582.013
8200785.003
8200812.013
8203786.003
8203810.013
8203821.003
8203842.013
8204018.001
8204019.021
8204039.031
8204042.004
8204047.014
8204066.004
8204068.014
8204072.004
8204098.014
8204099.004
8204105.014
8204131.011
8206515.001
8206527.004
8206533.014
8206558.011
8206833.003
8206904.013
8207054.001
8207081.011
8209535.003
8209564.013
8211752.003
8211783.013
8213593.101
8213744.003
8213782.013
8213907.001
8213908.021
8213927.004
8213928.031
8213931.014
8213990.004
8213992.014
8213998.004
8213999.014
8214023.011
8216248.001
8216301.011
8216457.003
8216497.013
8216736.001
8216759.011
8228583.102
8241001.003
8241002.023
8241022.033
8241059.006
8241095.016
8241102.006
8241104.016
8241136.013
8243457.003
8243498.013
8243874.001
8243909.011
8245649.001
8245659.004
8245670.014
8245702.011
8248652.003
8248690.013
8250283.003
8250322.013
8250671.001
8250705.011
8253440.003
8253478.013
8254654.003
8254689.013
8254887.001
8254895.004
8254907.014
8254936.011
8257099.003
8257127.013
8257413.001
8257437.011
8258676.003
8258699.013
8259547.102
8261418.003
8261419.023
8261439.033
8261493.006
8261494.016
8261514.013
8268051.002
8268071.012
8268089.002
8268093.012
8270003.003
8270039.013
8270053.003
8270078.013
8270193.001
8270212.011
8271117.102
8271624.003
8271625.023
8271645.033
8271671.006
8271701.016
8271721.013
8284042.003
8284080.013
8285721.001
8285730.004
8285742.014
8285753.011
8288235.003
8288280.013
8288406.001
8288421.011
8288421.102
8290951.003
8290952.023
8290972.033
8291004.006
8291025.016
8291032.006
8291033.016
8291055.013
8291136.102
8291420.101
8298777.003
8298778.023
8298798.033
8298835.006
8298836.016
8298847.006
8298862.016
8298888.013
8301142.102
8301225.003
8301226.023
8301246.033
8301281.006
8301293.016
8301315.013
8303574.003
8303619.013
8303743.003
8303803.013
8304023.001
8304024.021
8304044.031
8304075.004
8304102.014
8304110.004
8304111.014
8304134.011
8305893.001
8305975.011
8306050.001
8306063.004
8306068.014
8306088.011
8306198.003
8306320.013
8306558.001
8306589.011
8306983.101
8311860.102
8314762.003
8314763.023
8314783.033
8314813.006
8314814.016
8314816.006
8314836.016
8314841.006
8314843.016
8314860.013
8317224.003
8317313.013
8317551.001
8317552.021
8317572.031
8317608.004
8317634.014
8317654.011
8319563.001
8319629.011
8319922.001
8319935.004
8319951.014
8319968.011
8320068.003
8320110.013
8322596.003
8322629.013
8323880.003
8323917.013
8324950.003
8324977.013
8326471.003
8326508.013
8326640.001
8326649.004
8326650.014
8326665.011
8327845.003
8327878.013
8330594.003
8330627.013
8330882.001
8330906.011
8332838.003
8332867.013
8332895.003
8332919.013
8333032.001
8333052.011
8335161.003
8335189.013
8338416.003
8338450.013
8340036.003
8340065.013
8341715.003
8341765.013
8345528.003
8345550.013
8348943.003
8348971.013
8354469.003
8354496.013
8356106.003
8356133.013
8358407.003
8358437.013
8358543.001
8358566.011
8360737.003
8360772.013
8360887.001
8360915.011
8365428.101
8366748.102
8368526.003
8368527.023
8368547.033
8368584.006
8368634.016
8368639.006
8368641.016
8368644.006
8368650.016
8368670.013
8371376.001
8371377.021
8371384.004
8371397.031
8371399.014
8371435.004
8371461.014
8371488.011
8373598.001
8373609.004
8373616.014
8373685.011
8373784.001
8373803.011
8373924.003
8373965.013
8374235.002
8374415.012
8374480.001
8374499.011
8374536.001
8374542.011
8376754.003
8376791.013
8378530.003
8378561.013
8378790.001
8378811.011
8378944.001
8378964.011
8379030.001
8379049.011
8379310.001
8379322.004
8379323.014
8379333.011
8379483.003
8379518.013
8382409.102
8382582.101
8391329.003
8391330.023
8391350.033
8391385.006
8391400.016
8391415.013
8393800.102
8393994.003
8393995.023
8394015.033
8394078.006
8394081.016
8394104.013
8396532.003
8396577.013
8396816.001
8396817.021
8396830.004
8396831.014
8396837.031
8396862.004
8396888.014
8396914.011
8397194.101
8398858.001
8398859.021
8398879.031
8398896.004
8398898.014
8398910.004
8398935.014
8398963.011
8399531.102
8401065.001
8401078.004
8401098.014
8401107.004
8401109.014
8401114.004
8401122.014
8401136.004
8401142.014
8401166.011
8401226.001
8401273.011
8401379.001
8401404.011
8401539.003
8401540.023
8401560.033
8401582.006
8401591.016
8401649.013
8404352.003
8404448.013
8404571.002
8404576.012
8404666.001
8404677.004
8404683.014
8404685.004
8404689.014
8404703.004
8404705.014
8404711.004
8404718.014
8404747.004
8404762.014
8404774.004
8404779.014
8404794.004
8404795.014
8404846.011
8404992.003
8405039.013
8407927.003
8407976.013
8408415.001
8408448.011
8408850.102
8410645.003
8410646.023
8410666.033
8410700.006
8410718.016
8410744.013
8412785.003
8412830.013
8413090.001
8413103.004
8413111.014
8413174.011
8413282.001
8413288.004
8413291.014
8413303.011
8418323.003
8418355.013
8418605.001
8418627.011
8419950.003
8419981.013
8423098.003
8423153.013
8423445.001
8423476.011
8425126.003
8425158.013
8425873.101
8426848.003
8426880.013
8427099.001
8427100.021
8427113.004
8427120.031
8427121.014
8427123.004
8427124.014
8427145.004
8427147.014
8427151.004
8427168.014
8427196.011
8429196.001
8429241.011
8429721.102
8430488.001
8430520.011
8431022.003
8431023.023
8431043.033
8431083.006
8431095.016
8431119.013
8433456.003
8433504.101
8433543.013
8433779.001
8433780.021
8433793.004
8433799.014
8433800.004
8433800.031
8433805.014
8433817.004
8433818.014
8433834.004
8433845.014
8433850.004
8433851.014
8433876.011
8435645.001
8435660.004
8435668.014
8435688.004
8435692.014
8435713.004
8435717.014
8435757.011
8436234.003
8436264.013
8439242.102
8440704.003
8440705.023
8440725.033
8440758.006
8440759.016
8440760.006
8440778.016
8440804.013
8442595.003
8442648.013
8442873.001
8442881.004
8442884.014
8442887.004
8442893.014
8442931.011
8444453.102
8458995.003
8458996.023
8459016.033
8459048.013
8459239.001
8459270.011
8462216.003
8462248.013
8462487.001
8462513.011
8466110.003
8466138.013
8466341.001
8466366.011
8468284.003
8468324.013
8471613.003
8471648.013
8471880.001
8471910.011
8483953.003
8483984.013
8489366.003
8489399.013
8489407.102
8495241.003
8495242.023
8495262.033
8495296.006
8495317.016
8495346.013
8497344.003
8497402.013
8497725.001
8497733.004
8497737.014
8497789.011
8502102.003
8502133.013
8503070.003
8503103.013
8504091.101
8504474.003
8504507.013
8506187.003
8506216.013
8509947.102
8511198.003
8511199.023
8511219.033
8511247.006
8511248.016
8511251.006
8511296.016
8511323.013
8511699.102
8513918.002
8513925.012
8514011.001
8514012.021
8514019.004
8514021.014
8514031.004
8514032.031
8514035.014
8514067.004
8514093.014
8514157.011
8516175.001
8516235.011
8516494.003
8516495.023
8516515.033
8516551.006
8516552.016
8516553.006
8516565.016
8516587.013
8518855.003
8518933.013
8519052.002
8519058.012
8519060.002
8519073.012
8519152.001
8519163.004
8519176.014
8519184.004
8519191.014
8519275.011
8519414.003
8519440.013
8523654.102
8525462.101
8526074.003
8526075.023
8526095.033
8526130.006
8526142.016
8526165.013
8528091.003
8528161.013
8528371.001
8528372.021
8528379.004
8528389.014
8528392.031
8528394.004
8528397.014
8528450.004
8528452.014
8528471.011
8530407.001
8530417.004
8530419.014
8530445.004
8530451.014
8530455.004
8530457.014
8530487.011
8530530.102
8530693.003
8530694.023
8530714.033
8530741.006
8530757.016
8530785.013
8531563.102
8531903.101
8533576.003
8533577.023
8533597.033
8533635.006
8533659.016
8533675.013
8536350.001
8536351.021
8536362.004
8536367.014
8536371.031
8536372.004
8536375.014
8536450.011
8538411.001
8538432.004
8538436.014
8538505.011
8538577.001
8538593.004
8538596.014
8538608.011
8538756.003
8538867.013
8543117.003
8543152.013
8543367.001
8543373.004
8543376.014
8543393.011
8544809.102
8546283.003
8546284.023
8546304.033
8546339.006
8546371.016
8546391.013
8546423.102
8548580.003
8548581.023
8548601.033
8548643.006
8548666.016
8548673.006
8548674.016
8548697.013
8550732.003
8550806.013
8550874.003
8550923.013
8551097.001
8551105.004
8551110.014
8551129.011
8556034.102
8556318.101
8570343.003
8570344.023
8570364.033
8570399.006
8570415.016
8570435.013
8572345.003
8572419.013
8572637.001
8572638.021
8572644.004
8572645.014
8572658.031
8572693.004
8572696.014
8572702.004
8572722.014
8572743.011
8574993.001
8575002.004
8575006.014
8575009.004
8575011.014
8575034.011
8575163.003
8575207.013
8583396.003
8583431.013
8583606.001
8583628.011
8588160.102
8588507.003
8588508.023
8588528.033
8588609.013
8591412.003
8591467.013
3
24
17
3
25
17
M006
k
1
6
12
35
45
0
00
00
250
7
311
0
0
0
0
0
0
8591608.001
8591636.011
8594021.101
8597463.003
8597494.013
8601705.102
8603092.003
8603093.023
8603113.033
8603143.006
8603144.016
8603150.006
8603175.016
8603205.013
8605584.003
8605619.013
8605748.001
8605749.021
8605769.031
8605792.004
8605793.014
8605799.004
8605801.014
8605805.004
8605825.014
8605833.004
8605834.014
8605853.011
8607682.001
8607748.011
8609631.101
8637360.003
8637399.013
8655197.001
8655198.021
8655218.004
8655218.031
8655222.014
8655245.004
8655285.014
8655317.011
8657223.001
8657239.004
8657243.014
8657281.011
8657408.003
8657464.013
8657558.102
8657745.001
8657773.011
8668448.003
8668449.023
8668469.033
8668503.006
8668542.016
8668566.013
8670335.101
8671190.003
8671246.013
8671408.001
8671409.021
8671429.031
8671456.004
8671488.014
8671529.011
8673917.001
8673960.011
8674102.003
8674162.013
8675062.102
8708852.003
8708853.023
8708873.033
8708908.006
8708929.016
8708949.013
8711709.003
8711769.013
8712029.001
8712040.004
8712043.014
8712103.011
8712106.001
8712112.011
8717253.102
8720338.003
8720339.023
8720359.033
8720393.006
8720413.016
8720433.013
8721589.102
8722553.101
8722891.003
8722892.023
8722912.033
8722945.006
8722961.016
8722979.013
8725457.003
8725497.013
8725781.001
8725782.021
8725794.004
8725798.014
8725802.004
8725802.031
8725805.014
8725834.004
8725863.014
8725898.011
8728084.001
8728159.011
8728310.003
8728341.013
8751193.102
8752225.101
9082737.001
9082738.021
9082758.031
9082783.004
9082785.014
9082787.004
9082850.014
9082879.011
9085725.001
9085818.011
9086215.001
9086259.011
9086268.001
9086275.011
9087050.003
9087051.023
9087071.033
9087108.006
9087117.016
9087145.013
9089590.003
9089703.013
9089797.003
9089894.013
9090505.003
9090614.013
9090791.003
9090829.013
9091015.002
9091016.012
9091159.001
9091192.004
9091194.014
9091282.011
9091439.001
9091471.011
9091616.001
9091625.011
9091706.101
9091839.003
9091954.013
9092399.001
9092400.021
9092420.031
9092455.004
9092472.014
9092529.011
9094570.001
9094679.011
9094809.001
9094848.011
9095203.003
9095306.013
9095746.001
9095789.004
9095798.014
9095856.011
9096029.001
9096042.004
9096043.014
9096059.004
9096064.014
9096086.011
9096302.001
9096336.011
9096536.003
9096602.013
9096603.003
9096606.013
9096821.002
9096849.012
9097010.001
9097050.004
9097055.014
9097151.011
9097164.001
9097178.011
9097345.001
9097390.011
9097399.001
9097407.011
9098093.003
9098193.013
9098261.101
9098516.001
9098517.021
9098537.031
9098547.004
9098548.014
9098572.004
9098599.014
9098626.011
9100651.102
9100817.001
9100887.011
9101065.001
9101204.011
9101288.001
9101334.011
9101423.001
9101493.011
9101588.001
9101641.011
9101810.001
9101819.011
9102064.001
9102119.011
9102258.001
9102290.011
9102489.003
9102490.023
9102510.033
9102544.006
9102562.016
9102608.013
9105365.003
9105651.013
9105751.003
9105891.013
9105893.003
9105928.013
9105936.003
9105977.013
9105989.003
9106046.013
9106142.003
9106322.013
9106328.003
9106360.013
9106497.003
9106606.013
9106801.003
9106921.013
9107300.001
9107329.004
9107335.014
9107393.011
9107435.001
9107462.011
9107465.001
9107479.011
9107692.001
9107722.011
9107888.003
9108009.013
9108730.002
9108749.012
9108845.001
9108950.011
9109032.001
9109084.011
9109467.102
9111207.003
9111208.023
9111228.033
9111259.006
9111278.016
9111300.013
9111312.101
9114075.003
9114152.013
9114687.003
9114791.013
9114924.003
9115015.013
9115025.003
9115039.013
9115464.001
9115465.021
9115485.031
9115523.004
9115547.014
9115569.011
9117267.001
9117350.011
9117542.001
9117686.011
9117798.001
9117856.011
9117869.001
9117874.011
9118031.001
9118060.011
9118217.003
9118365.013
9118378.003
9118415.013
9118708.001
9118751.011
9119318.003
9119389.013
9120788.101
9121179.102
9325634.051
3
24
17
3
25
17
M006
k
1
6
12
35
45
0
00
00
250
7
178
0
0
0
0
0
0
9325635.111
9325635.112
9356950.001
9356986.011
9356996.001
9357041.011
9357205.003
9357276.013
9357295.003
9357297.013
9357661.001
9357742.011
9357919.001
9357955.004
9357956.014
9357971.011
9358036.001
9358050.011
9358250.003
9358288.013
9358292.003
9358299.013
9654210.001
9654275.011
9654286.001
9654290.011
9654737.001
9654761.011
9654925.003
9655055.013
9655281.003
9655305.013
9655624.001
9655659.011
9656052.003
9656113.013
9656427.001
9656536.011
9656638.001
9656699.004
9656704.014
9656711.004
9656722.014
9656746.011
9657053.001
9657085.011
9657273.003
9657497.013
9663222.003
9663347.013
9664244.003
9664302.013
9666016.003
9666110.013
9684092.003
9684247.013
9685479.003
9685613.013
9685755.003
9685794.013
9686202.003
9686239.013
9686394.002
9686404.012
9686518.001
9686627.011
9686754.001
9686782.011
9686940.003
9687021.013
9689006.001
9689065.011
9689317.003
9689438.013
9689774.003
9689829.013
9690094.003
9690445.013
9690816.001
9690964.011
9691187.001
9691235.011
9691477.001
9691508.011
9691669.003
9691803.013
9702268.003
9702367.013
9711417.003
9711476.013
9720619.003
9720873.013
9750319.003
9750504.013
9751191.003
9751367.013
9752206.003
9752351.013
9752940.001
9752984.004
9752987.014
9753064.011
9753191.001
9753238.011
9753378.003
9753506.013
9756534.003
9756682.013
9756892.003
9756934.013
9757181.001
9757228.004
9757231.014
9757252.011
9757584.003
9757757.013
9757959.003
9758030.013
9758130.002
9758173.012
9758598.003
9758652.013
9759138.003
9759169.013
9759181.003
9759244.013
9759669.001
9759702.011
9761412.001
9761463.011
9761662.003
9761776.013
9789603.003
9789824.013
9790495.003
9791155.013
9791211.003
9791293.013
9791298.003
9791308.013
9791666.001
9791677.004
9791680.014
9791748.011
9792063.003
9792479.013
9792681.003
9792709.013
9793282.003
9793657.013
9793773.003
9793815.006
9793817.016
9793828.006
9793838.016
9793898.013
9794573.003
9796551.013
9796554.003
9796641.013
9796682.003
9796688.013
9796867.003
9796959.013
9797249.003
9797322.013
9797325.003
9797330.013
9797769.003
9797959.013
9798015.003
9798743.013
9798947.003
9798988.013
9799237.001
9799302.011
9799703.003
9799773.013
3
25
17
3
25
17
M006
k
1
6
16
20
02
0
00
00
250
7
800
0
0
0
0
0
0
2029.001
2072.011
2206.003
2235.013
4770.003
4799.013
8506.003
8543.013
8706.001
8725.011
12697.003
12730.013
16187.003
16217.013
17507.003
17532.013
20391.003
20422.013
20756.001
20791.011
22004.003
22044.013
25093.003
25125.013
28053.003
28080.013
31980.003
32016.013
33179.003
33210.013
33293.002
33301.012
33391.001
33417.011
35927.003
35966.013
36195.001
36214.011
38087.003
38121.013
39358.003
39380.013
41245.003
41279.013
48113.003
48152.013
48382.001
48403.011
49485.003
49518.013
50412.003
50439.013
51909.003
51946.013
55291.003
55377.013
55548.002
55550.012
55616.001
55679.011
57092.003
57123.013
58132.003
58156.013
59513.003
59540.013
61947.003
61981.013
64807.003
64860.013
66311.003
66382.013
66510.001
66541.011
67902.003
67947.013
70273.003
70292.013
72250.003
72306.013
72434.001
72449.011
73259.003
73293.013
74390.003
74428.013
74573.001
74599.011
75047.003
75069.013
76292.003
76323.013
77010.003
77020.013
80050.003
80086.013
87011.003
87077.013
87282.001
87314.011
88702.003
88745.013
90966.003
91191.013
91778.001
91828.011
91834.001
91840.011
94283.003
94319.013
94505.001
94513.011
96095.003
96119.013
98272.003
98300.013
101139.003
101170.013
102209.003
102241.013
103706.003
103732.013
106399.003
106421.013
108695.003
108713.013
109655.003
109691.013
110596.003
110651.013
112715.003
112768.013
113977.003
114004.013
115337.003
115363.013
115523.001
115558.011
115607.001
115626.011
115651.001
115674.011
115675.001
115677.011
115679.001
115709.011
116039.001
116050.004
116087.014
116088.004
116108.014
116112.004
116119.014
116159.004
116167.014
116211.011
116392.001
116398.004
116409.014
116441.011
116447.001
116448.011
116454.001
116457.011
116458.001
116461.011
116463.001
116465.011
116474.001
116475.011
116479.001
116487.011
116494.001
116504.011
116505.001
116507.011
116508.001
116558.011
116565.001
116566.011
116569.001
116571.011
116575.001
116589.011
120107.003
120158.013
120192.003
120194.013
120326.003
120339.013
120350.003
120357.013
120649.002
120762.012
120764.002
120774.012
120775.002
120787.012
120789.002
120791.012
120800.002
120813.012
120911.003
120956.006
120958.016
120963.006
120966.016
120969.006
120975.016
120982.006
120983.016
121026.013
121028.003
121029.013
121192.003
121201.006
121202.016
121235.013
121237.003
121261.013
121275.003
121317.006
121320.016
121325.006
121327.016
121343.006
121346.016
121482.013
121596.003
121617.006
121621.016
121670.013
121673.003
121675.013
121705.003
121719.013
121726.003
121727.013
121747.003
121748.013
121769.003
121771.013
121778.003
121799.013
121803.003
121821.006
121823.016
121876.006
121878.016
121907.013
121912.003
121914.013
121917.003
121919.013
121923.003
121960.006
121966.016
121970.006
121974.016
121981.006
121986.016
121995.006
122005.016
122008.006
122137.016
122144.006
122153.016
122156.006
122177.016
122196.006
122199.016
122200.006
122226.016
122279.013
122420.003
122458.013
122461.003
122465.013
122475.003
122476.013
122483.003
122485.013
122495.003
122497.013
122503.003
122504.013
122506.003
122519.013
122521.003
122527.013
122531.003
122580.006
122581.016
122637.006
122638.016
122643.006
122663.016
122664.006
122676.016
122677.006
122698.016
122705.006
122707.016
122712.006
122717.016
122720.006
122742.016
122746.006
122751.016
122779.013
122784.003
122788.013
122794.003
122800.013
122804.003
122841.006
122846.016
122855.006
122862.016
122886.013
123159.003
123172.006
123174.016
123182.006
123211.016
123215.006
123223.016
123241.013
123292.003
123305.006
123306.016
123308.006
123311.016
123315.006
123362.016
123489.013
123574.003
123588.006
123592.016
123594.006
123595.016
123602.006
123604.016
123654.013
123656.003
123660.013
124091.003
124112.006
124174.016
124183.006
124189.016
124276.013
124779.003
124803.006
124813.016
124814.006
124848.016
124854.006
124860.016
124899.013
130055.003
130157.013
130450.001
130489.011
132039.003
132077.013
135896.003
135946.013
136723.003
136803.013
138617.003
138670.006
138672.016
138736.013
144582.003
144683.013
166066.003
166145.013
178800.003
179012.013
179346.003
179419.013
179729.003
179766.013
179995.001
180005.004
180006.014
180029.004
180034.014
180056.004
180073.014
180125.011
180136.001
180179.011
180201.001
180225.011
180326.001
180333.004
180339.014
180386.011
184658.003
184759.013
185006.001
185039.011
186934.003
186972.013
187209.001
187241.011
242668.003
242753.013
242984.001
243027.011
244943.003
244983.013
251061.001
251096.011
251205.003
251237.013
258497.003
258574.013
258763.001
258799.011
261331.003
261358.013
261507.001
261528.011
263580.003
263629.013
282931.003
282983.013
283169.001
283207.011
286864.003
286892.013
287573.001
287602.011
309620.003
309683.013
309889.001
309916.011
313806.003
313830.013
319515.003
319571.013
779689.042
779689.1
360
1
80
1
0.006944
779689.11
782414.102
786655.101
959745.001
959746.021
959766.031
959800.004
959802.014
959805.004
959831.014
959855.011
963021.001
963054.004
963063.014
963150.011
963477.001
963613.011
963747.001
963817.011
963916.001
963943.011
964123.003
964124.023
964144.033
964185.006
964204.016
964224.013
968331.003
968428.013
968640.003
968845.013
969354.003
969486.013
969997.003
970104.013
971434.003
971543.013
972141.003
972434.013
972542.003
972862.013
973044.003
973291.013
973514.001
973572.004
973581.014
973647.004
973654.014
973675.004
973685.014
973704.011
973851.001
973907.011
974120.003
974239.013
974305.003
974384.013
974717.001
974757.004
974764.014
974851.011
975019.001
975080.011
975204.001
975247.011
975250.001
975252.011
975405.003
975628.013
975917.002
975935.012
976016.001
976047.011
976097.001
976115.011
976131.001
976180.011
976183.001
976236.011
976381.001
976468.011
976606.001
976653.011
976807.003
976969.013
977522.003
977699.013
977868.002
977906.012
978104.001
978136.011
980181.001
980247.011
980481.003
980539.013
981007.003
981118.013
981582.003
981684.013
981955.003
982093.013
982558.003
982674.013
983222.003
983312.013
983595.003
983835.013
984068.001
984097.004
984102.014
984195.004
984199.014
984201.004
984218.014
984236.011
984445.001
984499.011
984698.003
984788.013
984806.003
984810.013
984836.102
985219.002
985224.012
985328.001
985431.011
985578.001
985589.004
985592.014
985635.004
985642.014
985660.004
985661.014
985746.011
985965.001
986008.004
986011.014
986061.011
986207.003
986208.023
986228.033
986250.006
986251.016
986284.006
986293.016
986299.006
986301.016
986321.013
988332.102
991471.003
991472.023
991492.033
991565.013
993736.102
995202.003
995203.023
995223.033
995263.006
995275.016
995296.013
996492.102
998668.003
998669.023
998689.033
998725.006
998737.016
998762.013
999933.102
1001621.003
1001622.023
1001642.033
1001673.006
1001689.016
1001712.013
1004659.003
1004778.013
1005049.003
1005269.013
1005334.003
1005853.013
1005873.003
1006037.013
1006096.003
1006337.006
1006339.016
1006410.013
1006469.003
1006801.013
1006911.003
1007313.013
1007436.003
1007664.013
1007737.003
1007862.013
1007929.003
1008035.013
1008038.003
1008044.013
1008353.001
1008450.011
1008454.001
1008495.011
1008661.003
1008895.013
1008898.003
1008966.013
1009109.003
1009195.013
1009287.003
1009289.013
1009296.003
1009313.013
1009317.003
1009341.013
1009515.003
1009640.013
1010193.001
1010205.004
1010211.014
1010235.004
1010242.014
1010260.011
1010401.001
1010429.011
1010564.003
1010800.013
1011292.003
1011431.013
1012160.001
1012184.011
1013319.003
1013368.006
1013369.016
1013409.013
1013683.001
1013730.011
1014265.003
1014382.013
1014863.102
1020507.003
1020508.023
1020528.033
1020574.006
1020587.016
1020596.006
1020597.016
1020603.006
1020608.016
1020611.006
1020619.016
1020633.013
1024881.102
1025604.003
1025605.023
1025625.033
1025668.006
1025683.016
1025707.013
1028408.003
1028476.013
1028505.102
1030979.003
1030980.023
1031000.033
1031035.006
1031036.016
1031038.006
1031055.016
1031077.013
1034477.003
1034549.013
1036025.003
1036119.013
1036438.003
1036822.013
1036991.003
1037373.013
1037472.003
1037551.013
1037666.002
1037677.012
1037766.001
1037782.004
1037789.014
1037793.004
1037798.014
1037900.011
1038105.003
1038302.013
1038366.102
1038528.003
1038529.023
1038549.033
1038586.006
1038605.016
1038621.013
1041995.003
1042166.013
1044808.003
1045081.013
1045112.102
1045185.003
1045186.023
1045206.033
1045242.006
1045253.016
1045266.006
1045279.016
1045296.013
1048973.102
1049367.003
1049368.023
1049388.033
1049437.006
1049446.016
1049462.013
1051328.102
1052386.003
1052387.023
1052407.033
1052442.006
1052463.016
1052486.013
1055330.102
1055809.003
1055810.023
1055830.033
1055863.006
1055880.016
1055913.013
1058754.003
1058849.013
1059608.003
1059788.013
1059982.003
1060509.013
1060567.003
1060891.013
1060987.003
1061279.013
1061344.003
1061386.006
1061387.016
1061418.013
1061420.003
1061450.013
1061558.003
1061619.013
1061900.001
3
25
17
3
25
17
M006
k
1
6
16
20
02
0
00
00
250
7
800
0
0
0
0
0
0
1061912.004
1061913.014
1061926.004
1061931.014
1061958.004
1061971.014
1061993.011
1062251.003
1062335.013
1062773.003
1063051.013
1063280.001
1063288.011
1063710.003
1063765.013
1066974.003
1067076.013
1067412.003
1067511.013
1068223.003
1068323.013
1068333.003
1068361.013
1068521.001
1068558.011
1069073.003
1069128.013
1069919.003
1069998.013
1071393.102
1072033.003
1072034.023
1072054.033
1072092.006
1072107.016
1072134.013
1074737.003
1074813.013
1075240.003
1075338.013
1075803.003
1075973.013
1076099.002
1076128.012
1076218.001
1076228.004
1076235.014
1076255.004
1076260.014
1076332.011
1076418.001
1076456.011
1076575.003
1076676.013
1076901.003
1076904.102
1076906.023
1076926.033
1076952.006
1076975.016
1076991.013
1079337.003
1079790.013
1080393.003
1080707.013
1080713.003
1080767.013
1080770.003
1080780.013
1080891.003
1080983.013
1080992.003
1081038.013
1081405.003
1081488.013
1081582.003
1081609.013
1081624.003
1081657.013
1082169.001
1082192.011
1082856.102
1083466.003
1083467.023
1083487.033
1083529.006
1083543.016
1083571.013
1086462.003
1086526.013
1089427.003
1089553.013
1091228.003
1091506.013
1091606.003
1091825.013
1091932.003
1091969.013
1092043.003
1092079.013
1092317.001
1092352.011
1094481.003
1094542.013
1095894.003
1095958.013
1096177.001
1096188.011
1096956.102
1097747.003
1097748.023
1097768.033
1097808.006
1097823.016
1097844.013
1102085.003
1102144.013
1102544.003
1102710.013
1103245.003
1103548.013
1103818.003
1103985.013
1104227.001
1104249.011
1104439.003
1104502.013
1104555.102
1106231.003
1106232.023
1106252.033
1106284.006
1106285.016
1106287.006
1106311.016
1106339.013
1108815.003
1108907.013
1109266.003
1109469.013
1109732.001
1109791.011
1110025.003
1110106.013
1114159.003
1114228.013
1114506.001
1114533.011
1115320.003
1115390.013
1116405.102
1117280.003
1117281.023
1117301.033
1117338.006
1117339.016
1117345.006
1117370.016
1117388.013
1120034.003
1120135.013
1120197.102
1122808.003
1122809.023
1122829.033
1122876.006
1122896.016
1122914.013
1126095.003
1126187.013
1127241.003
1127448.013
1127660.102
1127782.003
1127783.023
1127803.033
1127830.006
1127851.016
1127875.013
1131605.003
1131702.013
1132982.003
1133138.013
1133212.003
1133288.013
1134745.003
1134921.013
1135118.003
1135151.013
1135463.003
1135562.013
1135745.001
1135777.011
1135995.003
1136054.013
1136516.003
1136574.013
1138149.003
1138213.013
1138790.003
1138843.013
1139610.003
1139685.013
1139811.001
1139839.011
1139852.102
1140808.003
1140809.023
1140829.033
1140865.006
1140866.016
1140872.006
1140887.016
1140911.013
1143942.003
1144058.013
1144317.003
1144447.013
1144455.003
1144513.013
1144933.003
1145114.013
1145212.003
1145303.013
1145623.001
1145639.004
1145641.014
1145658.011
1145733.001
1145746.011
1145782.001
1145805.011
1145923.003
1145996.013
1146731.003
1146880.013
1147346.102
1147846.003
1147847.023
1147867.033
1147892.006
1147893.016
1147895.006
1147915.016
1147934.013
1150521.003
1150813.013
1150939.003
1151053.013
1151164.003
1151253.013
1151478.001
1151536.011
1151745.003
1151804.013
1152520.102
1153958.003
1153959.023
1153979.033
1154020.006
1154034.016
1154061.013
1156002.102
1156813.003
1156814.023
1156834.033
1156872.006
1156891.016
1156913.013
1159721.003
1159920.013
1164497.003
1164717.013
1164854.003
1164906.013
1165236.001
1165263.011
1165792.102
1167734.003
1167735.023
1167755.033
1167795.006
1167813.016
1167866.013
1170054.003
1170209.013
1170481.003
1170623.013
1170836.001
1170865.011
1171796.001
1171832.011
1171980.003
1172046.013
1173184.003
1173231.013
1173869.102
1174189.003
1174190.023
1174210.033
1174246.006
1174266.016
1174285.013
1176953.003
1177116.013
1177429.003
1177532.013
1177729.003
1177814.013
1178049.001
1178069.011
1178143.001
1178158.011
1178389.003
1178438.013
1178924.003
1178966.013
1178969.003
1178994.013
1181381.003
1181452.013
1181751.001
1181770.011
1183107.003
1183156.013
1184275.003
1184319.013
1186561.101
1187065.003
1187107.013
1187290.001
1187291.021
1187311.031
1187315.004
1187317.014
1187337.004
1187367.014
1187396.011
1189639.001
1189698.011
1189887.003
1189969.013
1190301.001
1190326.004
1190330.014
1190352.011
1191750.003
1191810.013
1192136.001
1192164.011
1192629.003
1192668.013
1192846.101
1196362.003
1196416.013
1196590.001
1196591.021
1196610.004
1196611.031
1196617.014
1196637.004
1196661.014
1196678.011
1196781.102
1198776.001
1198821.011
1199008.003
1199009.023
1199029.033
1199061.006
1199088.016
1199090.006
1199094.016
1199114.013
1201542.003
1201631.013
1201988.001
1202001.004
1202003.014
1202015.004
1202028.014
1202089.011
1202096.001
1202098.011
1202103.001
1202124.011
1202318.003
1202359.013
1204905.003
1205002.013
1205147.001
1205171.011
1209821.003
1209866.013
1210065.001
1210096.011
1212409.003
1212443.013
1212622.001
1212644.011
1213717.003
1213759.013
1213913.001
1213947.011
1215175.003
1215207.013
1215394.001
1215418.011
1217748.003
1217803.013
1219017.102
1223512.003
1223513.023
1223533.033
1223598.013
1223805.102
1225962.003
1225963.023
1225983.033
1226008.006
1226033.016
1226056.013
1228779.003
1228872.013
1230160.003
1230278.013
1230618.003
1230678.013
1230861.001
1230871.004
1230872.014
1230893.004
1230896.014
1230925.011
1232095.003
1232143.013
1232449.001
1232458.011
1233928.003
1233983.013
1234490.001
1234513.011
1236154.003
1236213.013
1236431.001
1236455.011
1248453.101
1260046.102
1685018.001
1685019.021
1685039.031
1685068.004
1685111.014
1685142.011
1688006.001
1688058.011
1688281.001
1688359.011
1688564.003
1688565.023
1688585.033
1688618.006
1688649.016
1688673.013
1691318.003
1691426.013
1692188.003
1692369.013
1692645.003
1692701.013
1692975.101
1693065.001
1693066.021
1693086.031
1693109.004
1693152.014
1693173.011
1696304.001
1696384.011
1696488.001
1696613.011
1696614.001
1696634.011
1696652.001
1696703.011
1696801.001
1696845.011
1697027.001
1697067.011
1697081.001
1697110.011
1697258.001
1697311.011
1697489.003
1697595.013
1697746.003
1697766.102
1697768.023
1697788.033
1697820.006
1697821.016
1697822.006
1697843.016
1697865.013
1702008.003
1702103.013
1702341.102
1703513.003
1703514.023
1703534.033
1703567.006
1703569.016
1703572.006
1703590.016
1703617.013
1706665.003
1706846.013
1706856.003
1706946.013
1707005.003
1707328.013
1707487.003
1707684.006
1707685.016
1707874.013
1707932.003
1708193.013
1708202.003
1708239.013
1708321.003
1708334.013
1708351.003
1708528.013
1708621.003
1708705.006
1708707.016
1708764.013
1708791.003
1708865.013
1709109.001
1709160.004
1709166.014
1709168.004
1709188.014
1709239.011
1709355.001
1709404.011
1709637.001
1709669.011
1709814.003
1710204.013
1710225.102
1710347.003
1710348.023
1710368.033
1710398.006
1710423.016
1710441.013
1713471.003
1713579.013
1715127.003
1715449.013
1715544.003
1715894.013
1715976.003
1716240.013
1716344.003
1716505.013
1716520.003
1716537.013
1716618.003
1716709.013
1716809.002
1716848.012
1717007.001
1717033.004
1717037.014
1717043.004
1717049.014
1717086.004
1717103.014
1717114.004
1717120.014
1717196.011
1717282.001
1717293.011
1717294.001
1717309.011
1717579.003
1717897.013
1717912.003
1717949.013
1717952.003
1717955.013
1717956.003
1717979.013
1718105.003
1718183.013
1718659.002
1718662.012
1718748.001
1718781.011
1718789.003
1718790.013
1719209.003
1719393.013
1721277.001
1721335.011
1721481.003
1721606.013
1723567.003
1723678.013
1723872.001
1723906.011
1723947.102
1724060.001
1724178.011
1724311.001
1724355.004
1724356.014
1724393.011
1724542.001
1724580.011
1724712.003
1724713.023
1724733.033
1724766.006
1724787.016
1724792.006
1724799.016
1724817.013
1727178.102
1727948.003
1727949.023
1727969.033
1728010.006
1728026.016
1728047.013
1731160.102
1732533.003
1732534.023
1732554.033
1732588.006
1732605.016
1732628.013
1736942.101
1737303.003
1737388.013
1740216.102
1740469.003
1740470.023
1740490.033
1740525.006
1740559.016
1740584.013
1743605.003
1743732.013
1750538.102
1754203.003
1754204.023
1754224.033
1754256.006
1754273.016
1754280.006
1754282.016
1754285.006
1754293.016
1754309.013
1757239.003
1757368.013
1757605.003
1757832.013
1757930.003
1758196.013
1758313.003
1758432.013
1758534.003
1758845.013
1758953.003
1759119.013
1759497.001
1759498.021
1759518.031
1759521.004
1759522.014
1759525.004
1759528.014
1759550.004
1759577.014
1759601.011
1761758.001
1761817.011
1761885.001
1761945.004
1761946.014
1761990.004
1761993.014
1762043.011
1762207.001
1762312.004
1762315.014
1762338.011
1762460.001
1762484.011
1762622.003
1762768.013
1763301.001
1763342.004
1763345.014
1763371.011
1764360.102
1770021.003
1770022.023
1770042.033
1770077.006
1770097.016
1770116.013
1772355.003
1772400.102
1772402.023
1772422.033
1772458.006
1772473.016
1772504.013
1773947.102
1775019.003
1775020.023
1775040.033
1775077.006
1775099.016
1775122.013
1776878.102
1777851.003
1777852.023
1777872.033
1777914.006
1777926.016
1777945.013
1780823.003
1780952.013
1784020.003
1784632.013
1784670.003
1784758.013
1784759.003
1784770.013
1785053.001
1785082.004
1785087.014
1785102.004
1785106.014
1785133.011
1785328.003
1785393.013
1790028.003
1790092.013
1790440.001
1790462.011
1793583.003
1793648.013
1793823.003
1793850.013
1794230.003
1794276.013
1794430.001
1794455.011
1795695.003
1795759.013
1796198.102
1802223.003
1802224.023
1802244.033
1802275.006
1802303.016
1802324.013
1804690.003
1804788.013
1805246.003
1805291.013
1805558.001
1805572.004
1805576.014
1805592.011
1807019.102
1808825.003
1808826.023
1808846.033
1808879.006
1808901.016
1808924.013
1811591.003
1811698.013
1812061.003
1812142.013
1812414.001
1812444.011
1812701.003
1812747.013
1816699.102
1817933.003
