3
24
17
3
25
17
M015
k
1
7
12
42
50
0
00
00
250
7
800
0
0
0
0
0
0
3522920.112
3522921.049
3522921.027
3531737.002
3531763.012
3533804.002
3533815.012
3537892.002
3537937.012
3537951.002
3538064.012
3540183.002
3540189.012
3540235.002
3540268.012
3541522.002
3541557.012
3559566.002
3559661.012
3568052.002
3568106.012
3568213.001
3568223.011
3582098.001
3582109.011
3582192.002
3582227.012
3582451.003
3582478.013
3607832.002
3607855.012
3607857.002
3607860.012
3607862.002
3607884.012
3607958.001
3607967.011
3608108.002
3608137.012
3608288.003
3608307.013
3608350.003
3608367.013
3608369.003
3608392.013
3608497.001
3608515.011
3608620.001
3608634.011
3608684.001
3608701.011
3608749.001
3608762.011
3608801.001
3608825.011
3608839.001
3608850.011
3609280.001
3609304.011
3609353.001
3609367.011
3609424.001
3609426.011
3627102.002
3627129.012
3629134.002
3629195.012
3629203.002
3629207.012
3629233.002
3629504.012
3629640.002
3629688.012
3629887.002
3630242.012
3630246.002
3630296.012
3630374.001
3630386.011
3630506.002
3630573.012
3630582.002
3630588.012
3630720.002
3630743.012
3630744.002
3630778.012
3631080.002
3631115.012
3631139.002
3631585.012
3631929.002
3632107.012
3632479.002
3632810.012
3632887.002
3633158.012
3633739.002
3633772.012
3633952.002
3634117.012
3634263.002
3634264.012
3634268.002
3634498.012
3634939.002
3635352.012
3635359.002
3635419.012
3635519.002
3635563.012
3635570.002
3635841.012
3635949.001
3635970.011
3636338.002
3637522.012
3639822.002
3640040.012
3640169.002
3640173.012
3640178.002
3640253.012
3640540.002
3640666.012
3641450.002
3641703.012
3641892.001
3641911.011
3641929.001
3641933.011
3642102.002
3642137.012
3642157.002
3642312.012
3642318.002
3642397.012
3642458.002
3642499.012
3642751.002
3643353.012
3643506.003
3643528.013
3643547.003
3643554.013
3643855.002
3644067.012
3644129.002
3644139.012
3644342.002
3644632.012
3645047.002
3645435.012
3645566.002
3645937.012
3646029.002
3646075.012
3646163.002
3646526.012
3646842.002
3646873.012
3646874.002
3646875.012
3646876.002
3647138.012
3655293.001
3655302.011
3657063.001
3657076.011
3683420.003
3683455.013
3683460.003
3683472.013
3683474.003
3683476.013
3683488.003
3683495.013
3692411.001
3692472.011
3692474.001
3692479.011
3704777.002
3704964.012
3710821.002
3710835.012
3712556.001
3712574.011
3712600.001
3712617.011
3712642.001
3712705.011
3717882.002
3717895.012
3722859.002
3722871.012
3767108.001
3767177.011
3767519.003
3767569.013
4062963.049
4062963.027
4467683.001
4467727.011
4467955.003
4467998.013
4468027.003
4468048.013
4468259.001
4468286.011
4468308.001
4468327.011
4491945.003
4491962.013
4492414.003
4492444.013
4492752.001
4492783.011
4525944.001
4526024.011
4526421.003
4526481.013
4526494.003
4526504.013
4526530.003
4526557.013
4526748.001
4526782.011
4526890.001
4526913.011
4542100.001
4542158.011
4542161.001
4542187.011
4542314.001
4542402.011
4542719.003
4542954.013
4543286.002
4543415.012
4543582.001
4543612.011
4557100.001
4557149.011
4557368.003
4557391.013
4557408.003
4557437.013
4557583.002
4557685.012
4557748.001
4557763.011
4563752.002
4563838.012
4581912.002
4581921.012
4582074.001
4582089.011
4622208.001
4622243.011
4630044.003
4630078.013
4630081.003
4630088.013
4630102.003
4630130.013
4634642.001
4634654.011
4634682.001
4634696.011
4634736.001
4634737.011
4634958.003
4634973.013
4635002.003
4635007.013
4635059.002
4635097.012
6599885.001
6600010.011
6600955.003
6600975.013
6601177.001
6601248.011
6615795.003
6615816.013
6615842.003
6615852.013
6615855.003
6615857.013
6615966.001
6616000.011
6626539.002
6626571.012
6628183.002
6628211.012
7281770.001
7281865.011
7282035.003
7282091.013
7282344.001
7282359.011
7282419.001
7282468.011
7285302.001
7285321.011
7285500.001
7285510.011
7291929.003
7291946.013
7309350.002
7309372.012
7309448.001
7309469.011
7313198.003
7313203.013
7313432.003
7313513.006
7313514.016
7313532.006
7313533.016
7313541.006
7313542.016
7313553.006
7313554.016
7313576.013
7313705.001
7313732.011
7315336.002
7315340.012
7318388.003
7318406.013
7318619.001
7318627.011
7318640.001
7318666.011
7319230.002
7319248.012
7319552.003
7319570.013
7325831.001
7325859.011
7344343.002
7344389.012
7344581.003
7344606.013
7344712.001
7344743.011
7347763.001
7347767.011
7364202.002
7364251.012
7364298.001
7364323.011
7379525.003
7379553.006
7379554.016
7379562.006
7379563.016
7379637.006
7379638.016
7379676.006
7379677.016
7379702.006
7379703.016
7379709.006
7379710.016
7379791.013
7379796.003
7379826.013
7380035.001
7380083.011
7388721.001
7388750.011
7395841.003
7395865.013
7396011.001
7396028.011
7396203.002
7396228.012
7402271.002
7402277.012
7418006.003
7418037.013
7418215.001
7418238.011
7431293.002
7431309.012
7431472.003
7431485.013
7431540.002
7431558.012
7431605.001
7431620.011
7843036.041
7843037.059
7843037.037
7851501.101
7860184.102
7910183.001
7910184.021
7910204.031
7910234.004
7910254.014
7910283.011
7913478.001
7913553.011
7913718.001
7913760.011
7914107.001
7914179.011
7914414.001
7914476.011
7914481.001
7914483.011
7915035.001
7915039.011
7915318.003
7915319.023
7915339.033
7915370.006
7915371.016
7915416.013
7918199.003
7918296.013
7918334.102
7918778.003
7918779.023
7918799.033
7918834.006
7918835.016
7918877.013
7922273.101
7922566.003
7922649.006
7922650.016
7922672.006
7922673.016
7922690.013
7922754.003
7922860.006
7922861.016
7922881.006
7922882.016
7922932.013
7922997.003
7923081.006
7923082.016
7923097.006
7923098.016
7923122.006
7923123.016
7923124.006
7923125.016
7923144.006
7923145.016
7923154.006
7923155.016
7923177.013
7923184.003
7923278.013
7923317.003
7923372.006
7923373.016
7923428.013
7923440.003
7923496.013
7923597.003
7923629.006
7923630.016
7923632.006
7923633.016
7923639.006
7923640.016
7923669.006
7923670.016
7923692.006
7923693.016
7923813.013
7923935.003
7923949.013
7923964.003
7923994.006
7923995.016
7924014.006
7924015.016
7924018.006
7924019.016
7924024.006
7924025.016
7924028.006
7924029.016
7924041.006
7924042.016
7924074.006
7924075.016
7924086.006
7924087.016
7924103.006
7924104.016
7924142.013
7924152.003
7924243.013
7924255.003
7924291.013
7924356.003
7924675.013
7924867.003
7924912.006
7924913.016
7924926.006
7924927.016
7924966.006
7924967.016
7925042.013
7925115.003
7925223.006
7925224.016
7925258.006
7925259.016
7925284.006
7925285.016
7925388.013
7925396.003
7925420.013
7925473.003
7925509.013
7925579.003
7925818.013
7925869.003
7925971.006
7925972.016
7926033.013
7926073.003
7926180.013
7926182.003
7926185.013
7926280.003
7926368.013
7926646.001
7926647.021
7926667.031
7926699.004
7926734.014
7926750.011
7929357.001
7929429.011
7929445.001
7929494.011
7929550.001
7929593.011
7929605.001
7929607.011
7929689.001
7929734.011
7929745.001
7929749.011
7930033.001
7930042.011
7930059.001
7930060.011
7930206.003
7930299.013
7930337.003
7930339.013
7930342.003
7930344.013
7930345.003
7930422.013
7930428.003
7930464.013
7930509.003
7930628.013
7930635.003
7930677.013
7930707.003
7930746.013
7930767.003
7930782.013
7930817.003
7930857.013
7930982.001
7931040.004
7931042.014
7931115.011
7931146.001
7931222.011
7931227.001
7931233.011
7931362.002
7931396.012
7931577.003
7931740.013
7931751.003
7931782.006
7931783.016
7931852.013
7931988.001
7932017.011
7932036.001
7932090.011
7932411.001
7932463.011
7932467.001
7932473.011
7932474.001
7932522.011
7932534.001
7932539.011
7932898.003
7932955.013
7932999.003
7933081.013
7933252.003
7933274.013
7933280.003
7933282.013
7933290.003
7933307.013
7933411.001
7933444.011
7933463.001
7933465.011
7933672.002
7933693.012
7933772.003
7933882.013
7933886.003
7933965.013
7934142.003
7934163.013
7934269.001
7934330.011
7934345.001
7934362.011
7935014.003
7935044.013
7935384.001
7935424.011
7935435.001
7935469.011
7936475.101
7937275.001
7937276.021
7937296.031
7937316.004
7937342.014
7937362.011
7939584.001
7939607.011
7939977.001
7940037.011
7940446.003
7940522.013
7940811.001
7940866.011
7941320.003
7941398.013
7941659.003
7941710.013
7941723.003
7941724.013
7941937.001
7941987.011
7943040.003
7943076.013
7943081.003
7943090.013
7943197.001
7943242.004
7943247.014
7943270.011
7943283.001
7943298.011
7944514.003
7944565.013
7944949.003
7944989.013
7945125.001
7945156.011
7945627.003
7945662.013
7945674.003
7945729.013
7945736.003
7945742.006
7945743.016
7945766.013
7945813.003
7945839.013
7946049.001
7946081.011
7946114.001
7946151.011
7947589.001
7947636.011
7947783.003
7947836.013
7948009.003
7948061.013
7948068.003
7948082.013
7948189.001
7948221.011
7948282.001
7948304.011
7949519.001
7949612.011
7949844.003
7949951.013
7949968.003
7950005.013
7950017.003
7950027.013
7950181.001
7950222.011
7951261.001
7951293.011
7951416.003
7951434.006
7951435.016
7951491.013
7951703.001
7951731.011
7952042.102
7952103.003
7952104.023
7952120.006
7952121.016
7952124.033
7952131.006
7952132.016
7952164.006
7952165.016
7952202.013
7954738.102
7957598.101
7958589.003
7958590.023
7958610.033
7958642.006
7958643.016
7958696.013
7962473.003
7962499.013
7962515.003
7962547.013
7962594.003
7962638.013
7962820.001
7962821.021
7962841.031
7962866.004
7962881.014
7962896.011
7966172.001
7966244.011
7966290.001
7966316.011
7966457.002
7966485.012
7966560.101
7966684.003
7966870.013
7967008.001
7967009.021
7967029.031
7967069.004
7967098.014
7967110.011
7970410.001
7970479.011
7970604.002
7970626.012
7970769.003
7970798.013
7970809.003
7970838.013
7970847.003
7970862.013
7971033.001
7971062.011
7971731.003
7971753.013
7971859.001
7971874.011
7971911.001
7971931.011
7971982.001
7972002.011
7972188.101
7973352.003
7973417.013
7973914.002
7973916.012
7973983.003
7974004.013
7974146.001
7974147.021
7974167.031
7974198.004
3
24
17
3
25
17
M015
k
1
7
12
42
50
0
00
00
250
7
800
0
0
0
0
0
0
7974223.014
7974239.011
7976989.001
7977014.011
7978407.003
7978429.013
7980793.003
7980853.013
7980967.001
7981000.101
7981002.021
7981022.031
7981050.004
7981067.014
7981083.011
7983524.001
7983559.011
7983724.102
7983871.003
7983872.023
7983888.006
7983889.016
7983892.033
7983924.006
7983925.016
7983929.006
7983930.016
7983985.013
7986886.003
7986925.013
7987069.001
7987106.011
7988683.001
7988705.011
7988845.003
7988868.013
7991926.003
7991948.013
7993485.003
7993503.013
7995912.001
7995983.011
7996105.003
7996165.013
7996188.003
7996208.013
7996326.001
7996347.011
7998104.003
7998146.013
7998295.001
7998342.011
7998378.001
7998405.011
7998436.001
7998449.011
7998714.101
8002743.003
8002790.013
8002885.001
8002886.021
8002906.031
8002938.004
8002964.014
8002981.004
8002983.014
8002999.011
8004101.101
8005184.102
8014327.001
8014328.021
8014348.031
8014374.004
8014390.014
8014403.011
8016841.001
8016924.011
8016951.001
8016966.011
8017022.001
8017038.011
8017165.002
8017209.012
8017358.003
8017359.023
8017379.006
8017379.033
8017380.016
8017434.006
8017435.016
8017456.013
8019738.003
8019787.013
8019937.001
8019964.011
8019978.101
8019984.001
8019985.021
8020005.031
8020039.004
8020058.014
8020085.011
8021892.101
8025150.003
8025174.013
8028011.003
8028041.013
8032349.003
8032369.013
8035989.102
8209872.003
8209873.023
8209893.033
8209927.006
8209928.016
8209963.013
8212856.003
8212918.013
8212940.003
8212972.013
8212976.003
8213006.013
8213017.003
8213056.013
8213290.001
8213291.021
8213311.031
8213346.004
8213385.014
8213401.011
8214152.102
8215789.001
8215828.011
8216489.001
8216607.011
8217404.002
8217435.012
8218124.003
8218125.023
8218145.033
8218181.006
8218182.016
8218184.006
8218185.016
8218223.013
8222075.003
8222132.013
8222147.003
8222182.013
8222214.003
8222289.013
8222315.003
8222332.013
8222495.001
8222597.011
8222625.001
8222638.011
8222691.001
8222710.004
8222715.014
8222756.011
8222762.001
8222766.011
8223079.003
8223199.013
8223368.001
8223419.011
8223439.001
8223485.011
8223588.002
8223613.012
8224194.003
8224263.013
8224268.003
8224298.013
8224331.003
8224415.013
8224547.001
8224575.011
8224604.001
8224682.011
8224715.001
8224740.011
8225037.003
8225077.013
8225437.102
8225527.003
8225528.023
8225548.033
8225584.006
8225585.016
8225652.013
8227193.101
8228773.001
8228774.021
8228794.031
8228830.004
8228861.014
8228879.011
8230102.101
8231715.001
8231716.021
8231736.031
8231771.004
8231793.014
8231808.011
8232830.102
8234525.001
8234595.011
8234627.101
8234684.001
8234685.021
8234705.031
8234729.004
8234731.014
8234738.004
8234759.014
8234779.011
8237349.001
8237387.011
8237516.001
8237645.011
8237705.001
8237748.011
8237786.001
8237808.011
8237838.001
8237853.011
8237865.101
8237983.001
8237984.021
8238004.031
8238032.004
8238034.014
8238036.004
8238069.014
8238109.011
8239755.101
8240468.001
8240469.021
8240489.031
8240515.004
8240536.014
8240551.011
8243033.001
8243094.011
8243302.001
8243332.011
8243415.001
8243443.011
8243502.001
8243522.011
8243537.001
8243585.011
8243625.001
8243663.011
8244088.003
8244089.023
8244109.033
8244131.006
8244132.016
8244242.006
8244243.016
8244263.013
8246751.003
8246776.013
8247002.001
8247036.011
8247067.001
8247074.011
8247124.001
8247146.011
8247181.001
8247193.011
8247225.001
8247249.011
8247424.001
8247425.011
8247480.001
8247495.011
8253773.101
8283211.102
8354203.003
8354204.023
8354224.033
8354253.006
8354254.016
8354285.013
8357034.003
8357067.013
8357153.003
8357249.013
8357254.003
8357279.013
8357295.003
8357313.013
8357457.001
8357458.021
8357478.031
8357511.004
8357539.014
8357555.011
8359101.102
8359832.001
8359868.011
8359892.001
8359932.011
8359989.001
8360081.011
8360100.001
8360123.011
8360167.001
8360210.011
8360267.001
8360408.011
8360426.001
8360442.011
8360487.001
8360538.004
8360540.014
8360583.011
8360590.001
8360614.011
8360664.001
8360706.004
8360708.014
8360793.011
8360829.001
8360868.011
8360930.001
8360986.011
8361188.003
8361189.023
8361208.006
8361209.016
8361209.033
8361243.006
8361244.016
8361275.013
8364308.003
8364359.013
8364505.003
8364523.013
8364688.001
8364710.011
8364732.001
8364772.011
8364790.001
8364827.011
8364848.001
8364892.011
8364934.001
8365041.011
8365044.001
8365046.011
8365061.001
8365124.011
8365164.001
8365180.011
8365281.001
8365295.011
8365313.001
8365323.011
8365334.001
8365344.011
8365436.002
8365468.012
8365544.003
8365632.013
8365644.003
8365717.006
8365718.016
8365759.013
8365765.003
8365794.013
8365901.001
8365924.011
8365940.001
8365963.011
8365978.001
8365980.011
8366004.001
8366037.011
8366077.001
8366136.011
8366144.001
8366176.011
8366209.001
8366280.011
8366411.002
8366445.012
8366529.003
8366562.013
8366580.003
8366589.013
8366602.003
8366638.006
8366639.016
8366683.013
8366707.102
8366782.001
8366805.011
8366830.001
8366897.011
8366907.001
8366922.011
8367143.001
8367162.011
8367194.001
8367213.011
8367560.002
8367605.012
8367670.001
8367717.011
8367955.003
8367956.023
8367976.033
8367978.006
8367979.016
8368013.006
8368014.016
8368060.013
8369455.101
8370750.003
8370762.013
8370967.001
8370968.021
8370988.031
8371018.004
8371021.014
8371023.004
8371057.014
8371080.011
8373704.001
8373724.011
8374057.001
8374099.011
8374413.002
8374426.012
8374490.003
8374538.013
8374704.001
8374729.011
8374776.001
8374794.011
8375538.101
8377194.102
8413687.002
8413716.012
8413787.003
8413788.023
8413808.033
8413846.006
8413847.016
8413904.013
8416113.102
8416676.003
8416677.023
8416697.033
8416724.006
8416725.016
8416758.013
8419354.003
8419419.013
8419529.003
8419619.013
8419796.001
8419797.021
8419817.031
8419843.004
8419846.014
8419848.004
8419866.014
8419883.011
8422663.101
8422925.001
8422926.021
8422946.031
8422977.004
8423017.014
8423034.011
8425921.001
8426007.011
8426217.001
8426275.011
8426374.001
8426400.011
8426460.001
8426479.011
8426506.001
8426528.011
8426578.001
8426609.011
8426705.002
8426706.012
8426813.003
8426899.013
8426907.003
8426916.013
8427017.003
8427074.013
8427189.001
8427223.011
8427235.001
8427313.011
8427353.001
8427372.011
8427376.001
8427402.011
8427488.001
8427504.011
8427546.001
8427579.011
8427744.002
8427776.012
8427847.003
8427906.013
8427908.003
8427950.013
8427951.003
8427972.013
8428143.001
8428187.011
8428191.001
8428200.011
8428260.001
8428277.011
8428302.001
8428323.011
8428541.001
8428582.011
8428887.001
8428915.011
8429066.003
8429096.013
8429265.001
8429302.011
8429956.003
8429976.013
8430019.101
8430157.001
8430158.021
8430178.031
8430205.004
8430242.014
8430265.011
8433000.001
8433019.011
8433999.001
8434042.011
8436973.003
8436992.013
8437637.003
8437649.013
8437778.001
8437795.011
8440055.001
8440082.011
8440211.003
8440225.013
8441934.101
8444365.102
8445596.003
8445597.023
8445614.006
8445615.016
8445617.033
8445642.006
8445643.016
8445657.006
8445658.016
8445693.006
8445694.016
8445718.013
8448510.001
8448511.021
8448531.031
8448554.004
8448667.014
8448687.011
8450912.001
8450938.011
8455691.001
8455709.011
8460510.102
8463277.101
8563743.002
8563757.012
8563864.003
8563865.023
8563885.033
8563917.006
8563918.016
8563956.013
8565894.003
8565919.013
8566076.003
8566118.013
8566121.003
8566146.013
8566336.001
8566337.021
8566357.031
8566390.004
8566391.014
8566396.004
8566413.014
8566426.011
8569049.001
8569078.101
8569080.021
8569100.031
8569122.004
8569134.014
8569149.011
8571440.001
8571579.011
8571646.001
8571749.011
8571873.001
8571932.011
8571948.001
8571995.011
8572038.001
8572077.011
8572104.001
8572157.011
8572428.003
8572488.013
8572642.001
8572696.011
8572714.001
8572810.011
8572910.001
8572917.011
8572938.001
8572955.011
8572968.001
8572985.011
8573078.001
8573094.011
8573290.001
8573365.011
8573794.001
8573833.011
8573942.002
8573968.012
8574133.003
8574187.013
8574201.003
8574239.006
8574240.016
8574298.013
8574439.001
8574467.011
8574487.001
8574510.011
8574526.001
8574596.004
8574599.014
8574603.004
8574605.014
8574617.004
8574619.014
8574645.011
8574670.001
8574702.011
8574893.002
8574911.012
8575039.003
8575043.013
8575089.003
8575121.006
8575122.016
8575180.013
8575188.003
8575228.013
8575240.003
8575259.013
8575315.003
8575340.013
8575519.001
8575557.011
8575569.001
8575609.011
8575733.001
8575754.011
8576093.001
8576129.011
8576142.001
8576160.011
8576275.002
8576291.012
8576744.003
8576773.013
8576881.001
8576905.011
8578294.003
8578313.013
8578415.003
8578452.013
8578453.003
8578464.013
8578583.001
8578642.011
8579055.003
8579095.013
8579212.001
8579234.011
8580219.003
8580266.013
8580428.001
8580454.011
8582442.001
8582543.011
8582699.002
8582719.012
8582777.003
8582812.006
8582813.016
8582838.013
8582844.003
8582854.013
8583100.001
8583129.011
8585260.003
8585286.013
8585331.003
8585366.013
8585390.003
8585403.013
8585589.001
8585694.011
8586876.101
8587322.003
8587347.013
8587386.003
8587427.013
8587578.001
8587579.021
8587599.031
8587623.004
8587652.014
8587675.011
8590324.102
8590335.001
8590369.011
8590400.001
8590413.011
8590436.001
8590450.011
8590620.001
8590642.011
8593132.003
8593133.023
8593150.006
8593151.016
8593153.033
8593184.006
8593185.016
8593240.013
8595538.003
8595559.013
8595729.001
8595755.011
8596662.102
8604066.101
8667026.002
8667031.012
8667095.003
8667096.023
8667116.033
8667166.006
8667167.016
8667207.013
8669371.003
8669415.013
8669492.003
8669523.013
8669524.003
8669547.013
8669560.003
8669577.013
8669613.003
8669622.013
8669746.001
8669747.021
8669767.031
8669793.004
8669812.014
8669828.011
8672151.001
8672194.011
8672217.102
8672245.001
8672289.011
8672335.001
8672406.011
8672476.001
8672495.011
3
24
17
3
25
17
M015
k
1
7
12
42
50
0
00
00
250
7
566
0
0
0
0
0
0
8672592.001
8672634.011
8672831.003
8672832.023
8672852.033
8672897.006
8672898.016
8672941.013
8676464.001
8676580.011
8676706.002
8676729.012
8676955.003
8677077.013
8677191.001
8677210.011
8677222.001
8677245.011
8677262.001
8677274.011
8677306.001
8677345.011
8677378.001
8677415.011
8677434.001
8677475.011
8677488.001
8677513.011
8677531.001
8677740.011
8677763.001
8677775.011
8678005.001
8678052.011
8678568.003
8678652.013
8678760.003
8678776.013
8678926.001
8678972.011
8678986.001
8679065.011
8679103.001
8679124.011
8679126.001
8679140.011
8679403.002
8679440.012
8679558.003
8679604.006
8679605.016
8679624.013
8682717.003
8682751.013
8682978.001
8683001.011
8683358.003
8683384.013
8683525.003
8683551.013
8683656.001
8683683.011
8685062.003
8685084.013
8687893.003
8687912.013
8694994.101
8695451.003
8695470.013
8710674.102
8749826.001
8749827.021
8749847.031
8749873.004
8749874.014
8749898.004
8749917.014
8749941.011
8751756.001
8751815.011
8752029.003
8752030.023
8752050.033
8752082.006
8752083.016
8752126.013
8752129.003
8752137.013
8754296.001
8754329.011
8754372.001
8754398.011
8763826.001
8763848.011
8764190.102
8766576.101
8768104.001
8768105.021
8768125.031
8768153.004
8768203.014
8768233.011
8776207.001
8776219.011
8777146.101
8783967.001
8783968.021
8783971.011
8783980.001
8783988.031
8784020.004
8784070.014
8784094.011
8788550.002
8788586.012
8788601.002
8788645.012
8791240.003
8791241.023
8791261.033
8791287.006
8791288.016
8791290.006
8791291.016
8791342.013
8793133.001
8793148.011
8799335.002
8799340.012
8799392.003
8799404.013
8801483.102
8810276.003
8810277.023
8810297.033
8810329.006
8810330.016
8810363.013
8821985.003
8822000.013
8824668.102
8827787.001
8827799.011
8827853.002
8827876.012
8833832.002
8833842.012
8833903.003
8833904.023
8833924.033
8833945.006
8833946.016
8833950.006
8833951.016
8834017.013
8837990.101
8841984.003
8841986.013
8852002.001
8852003.021
8852023.031
8852054.004
8852055.014
8852067.004
8852112.014
8852141.011
8854362.003
8854382.013
8854506.001
8854552.011
8862024.101
8864527.003
8864540.013
8868124.102
8872984.001
8872985.021
8873005.031
8873031.004
8873033.014
8873038.004
8873054.014
8873074.011
8875036.101
8877062.001
8877063.021
8877083.031
8877109.004
8877111.014
8877125.004
8877134.014
8877160.011
8897743.001
8897767.011
8897797.001
8897814.011
8901846.002
8901859.012
8916633.001
8916656.011
8916695.001
8916714.011
8927625.101
8927790.002
8927803.012
8927846.003
8927847.023
8927867.033
8927900.006
8927901.016
8927907.006
8927908.016
8927966.006
8927967.016
8927988.013
8929146.102
8937639.001
8937640.021
8937660.031
8937691.004
8937709.014
8937729.011
8945034.001
8945051.011
8948964.101
8953009.003
8953010.023
8953029.006
8953030.016
8953030.033
8953066.006
8953067.016
8953103.013
8954905.002
8954968.012
8955026.001
8955027.021
8955047.031
8955078.004
8955079.014
8955085.004
8955103.014
8955117.011
8958631.001
8958647.011
8965158.002
8965159.012
8969501.001
8969518.011
8972621.101
8976154.001
8976155.021
8976175.031
8976202.004
8976203.014
8976210.004
8976272.014
8976299.011
8978346.003
8978413.013
8978528.001
8978546.011
8982411.001
8982415.011
8982422.001
8982425.011
8986637.001
8986648.011
8986653.001
8986656.011
8998575.102
8999204.003
8999205.023
8999225.033
8999261.006
8999262.016
8999307.013
9003133.101
9006665.001
9006666.021
9006686.031
9006702.102
9006719.004
9006720.014
9006725.004
9006749.014
9006774.011
9008802.001
9008804.011
9021393.003
9021394.023
9021414.033
9021440.006
9021441.016
9021489.013
9032628.102
9033771.001
9033789.011
9033840.002
9033871.012
9034048.003
9034049.023
9034069.033
9034100.006
9034101.016
9034147.013
9038456.101
9038624.102
9039799.002
9039811.012
9041615.002
9041629.012
9041689.002
9041724.012
9049280.002
9049297.012
9049309.002
9049338.012
9049345.002
9049435.012
9049613.003
9049614.023
9049634.033
9049673.006
9049674.016
9049733.013
9052116.102
9054911.003
9054912.023
9054932.033
9054959.006
9054960.016
9055063.013
9056779.001
9056780.021
9056800.031
9056839.004
9056862.014
9056879.011
9057907.101
9060513.102
9074801.001
9074802.021
9074822.031
9074856.004
9074891.014
9074916.011
9090113.001
9090126.011
9090127.001
9090132.011
9090179.002
9090202.012
9090244.003
9090245.023
9090260.006
9090261.016
9090265.033
9090300.006
9090301.016
9090346.013
9091289.102
9092178.001
9092192.011
9092259.002
9092296.012
9092419.002
9092604.012
9093030.003
9093031.023
9093051.033
9093083.006
9093084.016
9093087.006
9093088.016
9093148.013
9096936.001
9096947.011
9097980.101
9100063.001
9100064.021
9100066.011
9100073.001
9100084.031
9100122.004
9100123.014
9100125.004
9100147.014
9100176.011
9102230.101
9107804.001
9107805.021
9107825.031
9107833.011
9107851.004
9107852.014
9107854.004
9107860.001
9107913.014
9107937.011
9110341.101
9112025.002
9112035.012
9112079.001
9112080.021
9112100.031
9112112.011
9112124.004
9112125.014
9112129.001
9112131.004
9112203.014
9112223.011
9113409.101
9114028.102
9135247.001
9135248.021
9135268.031
9135299.004
9135333.014
9135349.011
9137367.003
9137368.023
9137388.033
9137413.006
9137414.016
9137425.006
9137426.016
9137469.013
9139700.102
9148880.101
9150013.003
9150014.023
9150034.033
9150041.013
9150064.006
9150065.016
9150068.003
9150152.013
9158232.001
9158233.021
9158253.031
9158282.004
9158283.014
9158288.004
9158319.014
9158336.011
9159402.101
9165341.003
9165353.013
9165399.002
9165426.012
9165470.001
9165471.021
9165491.031
9165508.004
9165510.014
9165512.004
9165535.014
9165547.011
9167323.001
9167330.011
9167456.002
9167491.012
9176315.001
9176325.011
9176383.002
9176424.012
9176653.003
9176669.013
9176822.003
9176840.013
9177313.102
9196318.101
9197002.001
9197003.021
9197023.031
9197058.004
9197059.014
9197062.004
9197124.014
9197141.011
9200981.002
9201039.012
9206143.002
9206155.012
9206227.003
9206228.023
9206234.013
9206239.003
9206248.033
9206270.006
9206271.016
9206334.013
9220528.002
9220553.012
9229267.102
9229822.003
9229823.023
9229843.033
9229871.006
9229872.016
9229905.006
9229906.016
9229923.013
9236294.101
9240676.102
9245511.001
9245512.021
9245532.031
9245558.004
9245580.014
9245597.011
9247980.101
9253624.001
9253625.021
9253645.031
9253671.004
9253673.014
9253677.004
9253679.011
9253683.001
9253733.014
9253759.011
9255419.003
9255420.023
9255440.033
9255472.006
9255473.016
9255505.102
9255507.023
9255522.013
9255527.033
9255555.006
9255556.016
9256975.003
9257001.102
9257003.023
9257023.033
9257046.013
9257049.006
9257050.016
9258598.003
9258676.013
9261639.101
9265177.001
9265178.021
9265198.031
9265214.011
9265230.001
9265236.004
9265299.014
9265314.011
9275869.102
9276914.002
9276938.012
9276985.003
9276986.023
9277006.033
9277015.013
9277039.006
9277040.016
9277116.003
9277177.006
9277178.016
9277194.013
9283034.051
3
24
17
3
25
17
M015
k
1
7
12
42
50
0
00
00
250
7
554
0
0
0
0
0
0
9285528.001
9285539.011
9285587.002
9285613.012
9285760.003
9285773.013
9285914.003
9285938.013
9292235.002
9292271.012
9292335.001
9292339.011
9292445.002
9292480.012
9292553.002
9292610.012
9307703.003
9307751.013
9307837.001
9307850.011
9310537.002
9310557.012
9310609.001
9310615.011
9319004.002
9319039.012
9319175.001
9319181.011
9321861.002
9321889.012
9321960.001
9321964.011
9335102.002
9335124.012
9335188.001
9335208.011
9335278.002
9335465.012
9335556.003
9335574.013
9335583.003
9335598.013
9350078.001
9350089.011
9351057.001
9351068.011
9381542.001
9381555.011
9381604.002
9381628.012
9381801.003
9381827.013
9381898.003
9381937.013
9382216.001
9382238.011
9382377.001
9382390.011
9386093.002
9386114.012
9391212.001
9391228.011
9395868.002
9395882.012
9401007.002
9401010.012
9401067.001
9401077.011
9433733.003
9433756.013
9433978.001
9433998.011
9434121.002
9434157.012
9434760.002
9434792.012
9437272.001
9437289.011
9441885.002
9441896.012
9441914.002
9441942.012
9445236.002
9445267.012
9445320.001
9445336.011
9449451.001
9449457.011
9466136.002
9466150.012
9466160.002
9466208.012
9466297.002
9466331.012
9466489.003
9466519.013
9466545.003
9466563.013
9466945.002
9466983.012
9472799.002
9472849.012
9472900.001
9472916.011
9483379.002
9483404.012
9483455.003
9483468.013
9483500.003
9483510.013
9483523.003
9483537.013
9484870.002
9484878.012
9484910.002
9484942.012
9484954.002
9485181.012
9485397.002
9485497.012
9485572.001
9485584.011
9485676.002
9485850.012
9485909.003
9485926.013
9485927.003
9485944.013
9485954.003
9485957.013
9486012.002
9486082.012
9490052.002
9490054.012
9490132.001
9490148.011
9492657.001
9492674.011
9499269.001
9499271.011
9499277.001
9499292.011
9510308.002
9510332.012
9510400.001
9510409.011
9517232.002
9517262.012
9517458.003
9517516.013
9517634.002
9517712.012
9517759.001
9517781.011
9524886.001
9524903.011
9535646.003
9535667.013
9536279.001
9536294.011
9537589.003
9537602.013
9540928.001
9540937.011
9547916.003
9547938.013
9554287.001
9554295.011
9554298.001
9554300.011
9558093.002
9558107.012
9558160.001
9558179.011
9571363.003
9571384.013
9571503.001
9571525.011
9581808.002
9581842.012
9581905.001
9581925.011
9590706.002
9590736.012
9596735.003
9596753.013
9596870.001
9596881.011
9596982.002
9597050.012
9597181.001
9597197.011
9604995.002
9605019.012
9605072.003
9605090.013
9605144.002
9605182.012
9605232.001
9605245.011
9608560.002
9608586.012
9612782.001
9612787.011
9619108.002
9619117.012
9619217.003
9619238.013
9640103.003
9640121.013
9640387.001
9640405.011
9644119.002
9644139.012
9646988.001
9647007.011
9649302.002
9649317.012
9655189.002
9655216.012
9655287.003
9655297.013
9661132.003
9661150.013
9661236.001
9661239.011
9665092.002
9665099.012
9678903.002
9679041.012
9679190.003
9679248.013
9679341.001
9679413.011
9679436.001
9679466.004
9679467.014
9679475.004
9679481.014
9679511.004
9679512.014
9679535.011
9679536.001
9679546.011
9679614.001
9679665.011
9679777.002
9679918.012
9690950.002
9690972.012
9691034.001
9691042.011
9691122.002
9691260.012
9691323.001
9691338.011
9697890.001
9697910.011
9707132.003
9707155.013
9707269.001
9707283.011
9707787.001
9707791.011
9713684.002
9713711.012
9713757.001
9713778.011
9720241.002
9720268.012
9720358.001
9720369.011
9734252.003
9734298.013
9734307.003
9734324.006
9734325.016
9734331.006
9734332.016
9734346.006
9734347.016
9734401.006
9734402.016
9734474.013
9734482.003
9734493.013
9734582.001
9734606.011
9734662.002
9734786.012
9734839.003
9734858.013
9734865.003
9734878.013
9734915.003
9734926.013
9734938.003
9734946.013
9734948.003
9734957.013
9734973.003
9734991.013
9735018.003
9735023.013
9735028.003
9735035.013
9735197.003
9735218.013
9735219.003
9735222.013
9735224.003
9735264.013
9735372.002
9735457.012
9735506.003
9735530.013
9735532.003
9735534.013
9735562.003
9735568.013
9735594.003
9735596.013
9735602.003
9735608.013
9735620.003
9735624.013
9735625.003
9735634.013
9735638.003
9735641.013
9735793.003
9735797.013
9736000.002
9736047.012
9736159.003
9736219.013
9736317.002
9736458.012
9736525.003
9736545.013
9736550.003
9736566.013
9736568.003
9736582.013
9736583.003
9736588.013
9736748.003
9736759.013
9736762.003
9736928.013
9736930.003
9736933.013
9736940.003
9736944.013
9739142.002
9739356.012
9739430.001
9739448.004
9739454.014
9739461.004
9739491.014
9739552.004
9739625.014
9739626.004
9739636.014
9739647.011
9739739.001
9739751.004
9739796.014
9739852.011
9739988.003
9740028.013
9740029.003
9740147.013
9741453.002
9741468.012
9741480.002
9741847.012
9741895.001
9741915.011
9741942.001
9741945.011
9741992.002
9742183.012
9742230.003
9742263.013
9742341.002
9742343.012
9742352.002
9742410.012
9742564.002
9742630.012
9765424.001
9765451.011
9765796.003
9765839.013
9774317.003
9774343.013
9776911.002
9777132.012
9777200.001
9777209.011
9779614.001
9779636.011
9823658.002
9823715.012
9823797.001
9823810.011
9826579.003
9826602.013
9826630.003
9826631.013
9831155.002
9831203.012
9833370.003
9833401.013
9834378.001
9834415.011
9834502.002
9834516.012
9834592.003
9834620.013
9838472.001
9838505.011
9838685.003
9838693.013
9838720.003
9838791.013
9845957.001
9845982.011
9846243.003
9846268.013
9846916.003
9846924.013
9846931.003
9846942.013
9847717.003
9847736.013
9847830.001
9847842.011
9847843.001
9847847.011
9854005.001
9854021.011
9854023.001
9854050.011
9856474.001
9856492.011
9856603.003
9856614.013
9858855.001
9858869.011
9859321.003
9859339.013
9859344.003
9859364.013
9864662.001
9864697.011
9869126.001
9869148.011
9869314.003
9869331.013
9869566.001
9869597.011
9870149.003
9870164.013
9872585.001
9872623.011
9880149.003
9880154.013
9886031.001
9886041.011
9888376.001
9888420.011
9891355.003
9891374.013
9898681.001
9898697.011
9898804.003
9898823.013
9898846.003
9898863.013
9898950.001
9898964.011
9902508.003
9902517.013
9909274.001
9909307.011
9909436.003
9909466.013
9909490.003
9909505.013
9916924.003
9916944.013
9918464.002
9918516.012
9918573.001
9918577.011
9920678.002
9920704.012
9921003.003
9921054.013
9925354.002
9925453.012
9934043.001
9934061.011
9934793.002
9934797.012
9938325.003
9938345.013
9941909.001
9941929.011
9941983.002
9941992.012
9943577.001
9943598.011
9954754.001
9954855.004
9954858.014
9954862.004
9954866.014
9954884.004
9954887.014
9954955.004
9954958.014
9954964.004
9954979.014
9954997.011
9955109.001
9955145.011
9955352.003
9955375.013
9955452.002
9955473.012
9955520.001
9955541.011
9955548.001
9955551.011
9963755.002
9963765.012
9969448.001
9969462.011
9969484.001
9969548.011
9969864.003
9969876.013
9969912.003
9969940.006
9969941.016
9969946.006
9969947.016
9969971.013
9975574.001
9975598.011
3
25
17
3
25
17
M015
k
1
7
16
26
59
0
00
00
250
7
800
0
0
0
0
0
0
4564.001
4584.011
4671.001
4727.004
4730.014
4747.004
4748.014
4756.004
4762.014
4763.004
4771.014
4785.011
12853.001
12864.011
15053.001
15103.011
15192.001
15210.011
15236.001
15240.011
24365.001
24403.011
31026.002
31038.012
31044.002
31059.012
35838.001
35853.011
43766.002
43786.012
44644.003
44656.013
58205.002
58235.012
71342.001
71375.011
77210.001
77272.011
77375.002
77391.012
80450.001
80468.011
80556.003
80584.013
80693.002
80713.012
80759.001
80769.011
82210.001
82245.011
84763.001
84815.011
103372.003
103474.013
103686.003
103716.013
103726.003
103732.013
103922.001
103966.004
103972.014
103982.011
105109.002
105112.012
105116.002
105305.012
107987.001
108004.011
125684.001
125698.011
125723.001
125766.011
144785.003
144801.013
144806.003
144847.013
144957.002
145054.012
168588.003
168611.013
169619.003
169640.013
174566.001
174625.011
174639.001
174658.011
174665.001
174689.004
174693.014
174724.011
174737.001
174738.011
174815.001
174841.004
174862.014
174875.011
209432.001
209482.011
209877.003
209910.013
209935.003
209951.006
209952.016
209970.013
738075.042
738075.1
80
1
360
1
0.006944
738075.11
740148.101
862360.102
948162.001
948163.021
948183.031
948201.004
948202.014
948206.004
948246.014
948282.011
949497.101
951952.001
951953.021
951973.031
951997.004
951998.014
952000.004
952030.014
952046.011
955051.001
955168.011
955247.001
955327.011
955538.001
955582.011
955843.003
955844.023
955864.033
955892.006
955893.016
955902.006
955903.016
955963.013
958844.003
958913.013
959318.003
959360.013
959367.003
959383.013
959398.003
959433.013
959628.001
959750.011
959930.002
959965.012
960150.003
960161.013
960473.003
960497.013
960620.001
960706.011
960714.001
960716.011
961500.003
961521.013
961542.003
961568.013
961893.001
961935.011
963120.003
963161.013
963203.003
963234.013
963486.001
963501.004
963504.014
963616.011
963630.001
963634.011
964425.003
964461.013
964634.003
964674.013
964799.001
964827.011
964882.001
964889.011
968864.102
970654.101
973555.003
973556.023
973576.033
973603.006
973604.016
973650.013
979423.003
979527.013
979538.003
979575.006
979576.016
979597.013
979709.003
979819.013
979832.003
979855.013
979959.003
979967.013
979976.003
980042.013
980052.003
980066.013
980134.002
980182.012
980270.001
980271.021
980291.031
980342.011
983142.001
983204.011
983278.001
983302.011
983571.003
983608.013
983814.001
983835.011
983841.001
983858.011
984004.001
984041.011
984050.001
984051.011
984076.001
984118.011
985000.001
985028.011
986209.003
986244.013
986346.001
986368.011
987012.003
987028.013
987130.001
987150.011
989705.003
989729.013
990795.101
991580.003
991629.013
991637.003
991646.013
991751.001
991752.021
991772.031
991794.004
991795.014
991797.004
991816.014
991831.011
994157.001
994212.011
994266.001
994283.011
994373.001
994391.011
996599.003
996645.013
996650.003
996681.013
996780.001
996801.011
1001033.003
1001081.013
1001184.001
1001237.011
1001239.001
1001240.011
1001310.001
1001328.011
1003646.003
1003671.013
1003811.001
1003848.011
1008088.101
1011121.003
1011159.013
1011212.003
1011229.013
1011357.001
1011358.021
1011378.031
1011408.004
1011425.014
1011446.011
1013329.001
1013350.011
1014547.101
1015580.002
1015587.012
1015630.003
1015664.013
1015670.003
1015682.013
1015773.001
1015774.021
1015794.031
1015828.004
1015851.014
1015869.011
1016147.101
1018612.001
1018613.021
1018633.031
1018662.004
1018679.014
1018702.011
1019475.101
1021210.001
1021211.021
1021231.031
1021257.004
1021274.014
1021290.011
1023767.001
1023816.011
1023867.101
1026178.001
1026179.021
1026199.031
1026224.004
1026239.014
1026258.011
1028465.001
1028480.011
1031002.101
1037195.001
1037196.021
1037216.031
1037246.004
1037267.014
1037281.011
1039492.001
1039517.011
1039622.001
1039635.011
1039663.001
1039679.011
1039919.001
1039938.011
1040027.002
1040046.012
1040131.003
1040189.013
1040244.003
1040270.013
1040584.001
1040608.011
1042937.101
1044176.001
1044177.021
1044197.031
1044226.004
1044240.014
1044255.011
1046203.001
1046219.011
1046375.002
1046404.012
1046460.001
1046475.011
1049023.001
1049049.011
1050953.101
1055024.003
1055036.013
1061557.003
1061604.013
1061733.001
1061734.021
1061754.031
1061793.004
1061839.014
1061856.011
1064331.001
1064374.011
1064415.001
1064416.011
1078378.101
1085748.102
1241203.001
1241204.021
1241224.031
1241244.004
1241245.014
1241251.004
1241305.014
1241334.011
1243763.001
1243800.011
1244317.001
1244341.011
1244643.003
1244644.023
1244664.033
1244692.006
1244693.016
1244747.013
1249155.002
1249202.101
1249254.012
1255900.001
1255901.021
1255921.031
1255952.004
1255988.014
1256015.011
1258473.003
1258514.013
1261656.001
1261672.011
1261764.002
1261778.012
1265393.001
1265409.011
1267420.002
1267440.012
1267487.001
1267508.011
1271597.001
1271611.011
1280796.101
1286206.003
1286237.013
1286250.003
1286290.013
1286493.001
1286494.021
1286514.031
1286544.004
1286564.014
1286582.011
1287320.101
1288862.001
1288863.021
1288883.031
1288921.004
1288941.014
1288960.011
1291199.001
1291203.011
1291233.001
1291251.011
1296200.101
1298864.001
1298865.021
1298885.031
1298913.004
1298936.014
1298969.011
1301435.003
1301448.013
1302109.002
1302135.012
1302189.001
1302204.011
1304467.002
1304522.012
1304577.001
1304593.011
1315962.101
1333139.102
1346086.001
1346087.021
1346107.031
1346138.004
1346171.014
1346187.011
1348608.001
1348620.011
1348621.001
1348636.011
1349079.003
1349080.023
1349100.033
1349139.006
1349140.016
1349176.006
1349177.016
1349211.013
1349714.101
1356396.001
1356397.021
1356417.031
1356437.004
1356461.014
1356482.011
1358655.001
1358659.011
1360910.002
1360943.012
1363648.101
1365884.003
1365897.013
1365985.001
1365986.021
1366006.031
1366033.004
1366049.101
1366051.021
1366055.014
1366071.031
1366081.011
1366107.004
1367474.001
1367545.014
1367563.011
1368011.101
1369925.001
1369926.021
1369930.011
1369935.001
1369946.031
1369970.004
1369993.014
1370013.011
1371908.002
1371921.012
1377012.001
1377032.011
1384070.101
1384880.001
1384881.021
1384901.031
1384926.004
1384942.014
1384956.011
1392504.002
1392511.012
1393212.101
1396308.001
1396309.021
1396329.031
1396358.004
1396360.014
1396363.004
1396379.014
1396395.011
1397251.101
1402267.102
1407473.001
1407474.021
1407494.031
1407522.004
1407523.014
1407524.004
1407554.014
1407574.011
1423898.001
1423919.011
1424011.101
1424154.003
1424155.023
1424175.033
1424203.006
1424204.016
1424252.013
1432603.002
1432619.012
1432629.002
1432651.012
1432697.001
1432698.021
1432718.031
1432744.004
1432746.014
1432750.004
1432774.014
1432790.011
1446221.003
1446256.013
1446370.001
1446383.011
1457889.001
1457904.011
1458333.101
1468902.001
1468903.021
1468923.031
1468951.004
1468974.014
1468992.011
1471406.102
1472308.001
1472322.011
1479153.001
1479166.011
1480583.002
1480631.012
1485512.002
1485578.012
1485634.001
1485645.011
1487438.001
1487448.011
1487493.101
1491504.001
1491505.021
1491525.031
1491551.004
1491553.014
1491560.004
1491585.014
1491603.011
1502365.003
1502366.023
1502386.033
1502387.006
1502388.016
1502425.006
1502426.016
1502483.013
1512035.002
1512063.012
1512219.003
1512235.013
1512334.003
1512349.013
1512542.101
1519013.001
1519014.021
1519034.031
1519064.004
1519066.014
1519067.004
1519090.014
1519105.011
1521129.002
1521152.012
1521189.002
1521431.012
1521567.002
1521712.012
1522875.102
1529514.003
1529515.023
1529535.033
1529563.006
1529564.016
1529612.013
1532087.002
1532104.012
1532111.002
1532131.012
1534845.002
1534867.012
1534939.001
1534949.011
1542905.001
1542948.011
1543036.002
1543134.012
1543139.002
1543178.012
1548622.102
1553118.003
1553119.023
1553139.033
1553167.006
1553168.016
1553175.006
1553176.016
1553221.013
1553611.101
1557733.102
1560675.003
1560676.023
1560696.033
1560729.006
1560730.016
1560783.013
1565247.001
1565248.021
1565268.031
1565294.004
1565343.014
1565367.011
1566149.102
1567038.001
1567043.011
1568820.101
1575669.001
1575670.021
1575690.031
1575724.004
1575739.014
1575751.011
1578925.101
1593504.002
1593522.012
1593674.003
1593675.023
1593684.006
1593685.016
1593695.033
1593724.006
1593725.016
1593755.006
1593756.016
1593779.013
1597228.003
1597236.013
1606085.001
1606086.021
1606106.031
1606138.004
1606139.014
1606142.004
1606162.014
1606180.004
1606225.014
1606236.011
1606789.101
1609594.002
1609622.012
1609695.001
1609696.011
1609696.021
1609698.001
1609716.031
1609746.004
1609766.014
1609788.011
1617937.001
1617949.011
1622662.102
1625694.001
1625711.011
1627862.002
1627889.012
1627906.002
1627941.012
1628001.001
1628011.011
1635573.001
1635593.011
1637434.101
1649530.003
1649531.023
1649551.033
1649575.006
1649576.016
1649626.013
1670724.002
1670768.012
1670822.001
1670823.021
1670843.031
1670867.004
1670869.014
1670872.004
1670883.014
1670899.011
1676435.101
1677851.002
1677882.012
1677924.002
1677966.012
1678101.001
1678102.021
1678107.011
1678109.001
1678122.031
1678148.004
1678166.014
1678177.011
1681299.101
1681753.003
1681779.013
1681799.003
1681804.013
1681859.002
1681954.012
1682018.001
1682019.021
1682039.031
1682069.004
1682097.014
1682103.004
1682121.014
1682134.011
1682141.001
1682147.011
1684323.101
1686486.102
1691232.001
1691233.021
1691253.031
1691285.004
1691297.014
