3
24
17
3
25
17
M002
k
1
2
12
35
45
0
00
00
250
7
800
0
0
0
0
0
0
3565512.049
3565512.112
3565512.027
3591083.002
3591171.012
3591247.003
3591278.013
3616581.003
3616617.013
3619469.002
3619496.012
3639721.003
3639768.013
3639826.003
3639884.013
3687882.001
3687891.004
3687895.014
3687944.004
3687968.014
3687981.011
3688268.003
3688322.013
3688355.003
3688372.013
3688375.003
3688423.013
4105538.049
4105538.027
4300180.001
4300231.011
4300260.001
4300282.011
4300441.003
4300542.013
4300675.003
4300700.013
4381571.001
4381623.011
4381785.003
4381903.013
4395035.003
4395067.013
4396222.002
4396256.012
4396364.003
4396416.013
5016057.001
5016093.011
5016276.003
5016359.013
5017397.002
5017416.012
5019511.003
5019587.013
5019708.003
5019758.013
5019970.003
5020006.013
5021495.003
5021604.013
5021622.003
5021685.013
5030895.003
5030968.013
5031275.001
5031325.011
5032025.003
5032087.013
5037565.003
5037638.013
5039530.001
5039576.011
5040278.003
5040326.013
5040537.003
5040588.013
5040593.003
5040606.013
5040831.002
5040867.012
5113228.003
5113267.013
5118357.003
5118391.013
5120024.003
5120153.013
5149188.003
5149209.013
5159648.003
5159662.013
5164378.003
5164401.013
5176255.001
5176308.004
5176340.014
5176353.011
5176566.001
5176602.004
5176607.014
5176618.011
5176711.001
5176727.011
5176865.003
5176901.013
5180328.002
5180331.012
5181836.002
5181844.012
5183940.003
5183989.013
5184004.003
5184010.013
5184308.002
5184615.012
5184665.002
5185178.012
5185282.003
5185308.013
5185312.003
5185317.013
5185325.003
5185330.013
5185332.003
5185341.013
5185352.003
5185355.013
5185393.003
5185593.013
5186193.003
5186205.013
5186448.003
5186509.013
5186515.003
5186518.013
5186519.003
5186829.013
5186924.003
5187093.013
5187286.003
5187307.013
5187337.003
5187348.013
5187352.003
5187366.013
5187831.003
5187871.013
5187927.003
5188059.013
5189433.003
5189567.013
5189568.003
5189577.013
5189619.003
5189628.013
5189631.003
5189675.013
5189849.003
5189871.013
5189880.003
5189885.013
5190034.003
5190043.013
5190056.003
5190250.013
5191324.002
5191363.012
5191418.002
5191463.012
5191551.002
5191556.012
5191560.002
5191772.012
5191795.002
5192057.012
5192182.002
5192677.012
5192926.001
5192955.004
5192967.014
5192984.011
5193191.001
5193198.011
5193202.001
5193232.011
5193249.001
5193270.011
5193274.001
5193283.011
5193285.001
5193306.011
5193311.001
5193314.011
5193509.002
5193740.012
5193743.002
5193813.012
5193922.003
5193935.013
5194005.003
5194452.013
5194548.003
5194641.013
5194646.003
5194657.013
5194658.003
5194702.013
5194706.003
5194767.013
5194770.003
5194795.013
5194798.003
5194918.013
5194920.003
5194928.013
5194929.003
5194947.013
5194958.003
5195053.013
5195336.002
5195455.012
5195534.001
5195545.004
5195548.014
5195557.004
5195565.014
5195567.004
5195596.014
5195652.004
5195660.014
5195695.011
5195713.001
5195715.011
5195716.001
5195730.011
5195732.001
5195748.011
5195750.001
5195775.011
5195776.001
5195785.011
5195787.001
5195854.011
5195895.001
5195976.011
5196054.001
5196064.011
5196083.001
5196139.004
5196155.014
5196174.004
5196183.014
5196312.011
5196616.001
5196631.011
5196635.001
5196668.011
5196681.001
5196711.011
5196733.001
5196786.011
5196814.001
5196852.004
5196897.014
5196913.011
5197079.001
5197101.011
5197144.001
5197148.011
5197150.001
5197163.011
5197182.001
5197185.011
5197597.003
5198116.013
5198441.003
5198508.013
5198702.002
5198788.012
5200901.003
5200945.013
5203627.003
5203663.013
5207254.003
5207298.013
5270458.003
5270486.013
5270608.003
5270775.013
5279093.002
5279292.012
5279348.002
5279354.012
5279358.002
5279863.012
5280063.001
5280071.011
5280074.001
5280110.004
5280135.014
5280149.011
6249217.003
6249257.013
6266010.003
6266070.013
6266080.003
6266090.013
6294815.003
6294844.013
6295036.001
6295075.011
6372887.003
6372926.013
6396665.003
6396669.013
6396671.003
6396686.013
6403768.003
6403791.013
7275576.003
7275638.013
7275923.001
7276037.011
7276042.001
7276058.011
7277741.002
7277787.012
7278132.002
7278157.012
7281128.003
7281226.013
7283171.001
7283289.011
7288437.003
7288471.013
7288597.002
7288615.012
7300534.001
7300571.004
7300585.014
7300590.004
7300614.014
7300623.011
7301309.002
7301334.012
7301555.003
7301581.013
7311236.001
7311274.011
7311359.003
7311429.013
7314246.001
7314270.011
7334668.003
7334706.013
7336426.003
7336450.013
7339724.003
7339745.013
7341612.001
7341620.011
7350983.003
7350996.013
7360580.001
7360609.011
7371180.003
7371221.013
7388757.001
7388820.011
7395296.003
7395323.013
7397493.001
7397529.004
7397545.014
7397567.011
7414142.003
7414170.013
7421831.003
7421852.013
7438040.003
7438232.013
7442016.001
7442046.011
7442151.003
7442163.013
7449257.003
7449279.013
7454906.001
7454938.011
7455042.003
7455078.013
7455214.003
7455220.013
7455225.003
7455247.013
7455311.002
7455332.012
7455818.001
7455874.011
7455880.001
7455915.011
7456078.003
7456113.013
7458949.002
7458973.012
7459517.001
7459527.004
7459530.014
7459592.011
7459693.003
7459740.013
7460606.001
7460663.011
7461493.002
7461499.012
7461550.001
7461555.004
7461562.014
7461597.011
7461599.001
7461605.011
7462805.002
7462811.012
7462849.001
7462876.011
7465126.001
7465170.011
7465179.001
7465200.011
7465222.001
7465292.011
7465344.001
7465368.011
7465466.003
7465489.013
7466403.001
7466443.011
7467534.001
7467540.004
7467563.014
7467589.011
7469999.001
7470006.004
7470020.014
7470051.011
7470142.003
7470152.013
7471241.001
7471262.011
7471952.001
7471959.004
7471964.014
7471991.011
7472080.003
7472099.013
7475419.001
7475425.004
7475431.014
7475461.011
7476501.001
7476526.011
7479286.001
7479293.004
7479300.014
7479325.011
7479395.003
7479421.013
7481548.001
7481591.011
7481694.003
7481719.013
7483013.001
7483020.004
7483025.014
7483038.011
7483129.003
7483148.013
7488073.001
7488087.011
7503519.003
7503545.013
7517080.003
7517149.013
7517307.001
7517345.011
7517378.001
7517381.011
7517534.001
7517548.004
7517557.014
7517558.004
7517579.014
7517606.004
7517623.014
7517627.004
7517644.014
7517657.011
7517863.001
7517899.011
7517917.001
7517926.011
7517929.001
7517964.004
7517978.014
7517983.004
7517987.014
7518033.011
7518154.003
7518303.013
7518310.003
7518543.013
7518639.003
7518758.013
7518883.002
7518907.012
7519185.002
7519224.012
7519479.001
7519489.004
7519495.014
7519499.004
7519505.014
7519508.004
7519547.014
7519558.004
7519566.014
7519604.011
7519607.001
7519672.011
7519674.001
7519678.011
7519695.001
7519792.004
7519799.014
7519806.004
7519813.014
7520029.011
7520034.001
7520071.004
7520110.014
7520139.011
7520673.001
7520686.011
7520697.001
7520841.004
7520846.014
7520853.004
7520918.014
7520930.004
7520958.014
7520961.004
7521021.014
7521051.011
7521207.001
7521218.011
7521238.001
7521247.011
7521263.001
7521266.011
7521276.001
7521314.004
7521333.014
7521365.004
7521371.014
7521394.011
7521402.001
7521407.011
7521647.003
7522090.013
7522293.002
7522353.012
7530735.003
7530742.013
7545688.003
7545740.013
7562408.001
7562448.011
7562568.003
7562586.013
7563446.001
7563467.011
7567674.001
7567702.011
7567827.003
7567841.013
7568347.003
7568375.013
7568385.003
7568393.013
7571062.003
7571106.013
7885600.041
7885602.059
7885602.037
7892458.102
7900992.001
7901060.011
7901227.003
7901228.023
7901248.033
7901340.013
7904207.003
7904371.013
7904952.001
7904986.011
7904997.001
7905016.011
7905037.001
7905063.011
7905103.001
7905216.011
7905333.003
7905930.013
7905947.003
7906110.013
7906122.003
7906126.013
7906134.003
7906233.013
7906275.003
7906483.013
7906520.003
7906566.013
7906571.003
7906602.013
7906840.001
7906898.011
7906911.001
7906915.011
7906918.001
7906951.011
7906994.001
7906997.011
7906999.001
7907012.011
7907155.003
7907443.013
7907453.003
7907552.013
7907904.001
7907939.011
7907944.001
7907947.011
7907948.001
7907972.011
7908835.001
7908904.011
7909036.003
7909234.013
7910350.001
7910359.004
7910380.014
7910382.004
7910387.014
7910433.011
7910561.003
7910731.013
7910732.102
7910929.001
7910944.011
7912256.001
7912267.004
7912279.014
7912336.011
7912506.003
7912507.023
7912527.033
7912597.013
7914690.003
7914873.013
7915088.003
7915185.013
7915548.001
7915610.011
7915972.003
7916125.013
7916361.001
7916396.011
7916778.003
7916865.013
7916867.003
7916981.013
7917954.002
7917977.012
7918038.001
7918129.011
7918295.003
7918412.013
7919300.001
7919306.004
7919330.014
7919341.004
7919349.014
7919408.011
7919428.001
7919450.011
7919557.003
7919693.013
7920086.003
7920117.013
7920225.001
7920259.011
7921653.001
7921664.004
7921670.014
7921684.004
7921691.014
7921715.011
7921858.003
7921963.013
7922195.001
7922286.011
7923201.001
7923255.011
7923345.003
7923435.013
7924274.001
7924281.004
7924287.014
7924288.004
7924294.014
7924302.004
7924323.014
7924382.011
7924392.001
7924432.011
7924480.001
7924495.011
7924604.003
7924791.013
7925491.002
7925496.012
7925547.001
7925553.004
7925564.014
7925608.011
7925609.001
7925613.011
7925666.002
7925671.012
7925681.002
7925724.012
7925796.003
7925852.013
7927089.101
7928578.001
7928579.021
7928589.004
7928599.031
7928606.014
7928629.004
7928655.014
7928670.011
7933031.001
7933122.011
7933383.001
7933399.004
7933405.014
7933568.011
7933632.001
7933651.011
7933778.003
7933861.013
7934098.001
7934150.011
7934482.003
7934531.013
7935917.001
7935930.004
7935952.014
7935956.004
7935963.014
7935966.004
7935971.014
7936017.011
7936089.001
7936125.011
7936218.003
7936263.013
7936941.001
7936948.004
7936957.014
7936978.004
7936987.014
7937039.011
7937042.001
7937055.011
7937155.003
7937206.013
7938453.001
7938489.004
7938492.014
7938520.011
7938638.003
7938677.013
7939833.001
7939886.011
7939988.003
7940032.013
7940727.001
3
24
17
3
25
17
M002
k
1
2
12
35
45
0
00
00
250
7
800
0
0
0
0
0
0
7940734.004
7940739.014
7940790.011
7940883.003
7940910.013
7942410.001
7942503.011
7942600.003
7942630.013
7943039.001
7943093.011
7943846.001
7943855.004
7943860.014
7943886.004
7943894.014
7943904.011
7943993.003
7944029.013
7945818.001
7945825.004
7945836.014
7945837.004
7945845.014
7945847.004
7945854.014
7945858.004
7945867.014
7945869.004
7945876.014
7945885.011
7945988.003
7945997.013
7945998.003
7946035.013
7947175.001
7947182.004
7947200.014
7947205.004
7947221.014
7947257.011
7947353.003
7947384.013
7947901.102
7948484.001
7948498.004
7948503.014
7948528.004
7948542.014
7948609.011
7948736.001
7948781.011
7948929.003
7948930.023
7948950.033
7949015.013
7953233.003
7953337.013
7953508.003
7953592.013
7953831.001
7953840.004
7953855.014
7953887.011
7954176.001
7954232.011
7954337.003
7954420.013
7954761.003
7954814.013
7955034.001
7955073.011
7956002.001
7956010.004
7956031.014
7956035.004
7956043.014
7956048.004
7956054.014
7956090.011
7956092.001
7956094.011
7956183.003
7956255.013
7957221.001
7957229.004
7957255.014
7957310.011
7957402.003
7957462.013
7958174.001
7958182.004
7958189.014
7958241.011
7958341.003
7958444.013
7959326.001
7959335.004
7959342.014
7959371.004
7959377.014
7959417.011
7959739.102
7960193.001
7960200.004
7960221.014
7960246.004
7960251.014
7960259.011
7960279.001
7960303.011
7960381.003
7960382.023
7960402.033
7960473.013
7962846.102
7963136.003
7963137.023
7963157.033
7963237.013
7966297.003
7966361.013
7966569.003
7966645.013
7967093.001
7967106.004
7967111.014
7967155.011
7967389.003
7967452.013
7967863.003
7967910.013
7968259.001
7968265.004
7968272.014
7968288.011
7969615.001
7969623.004
7969632.014
7969706.011
7969796.003
7969912.013
7970922.001
7970937.004
7970945.014
7970962.011
7971064.003
7971106.013
7972742.001
7972750.004
7972758.014
7972821.011
7972909.003
7972989.013
7973781.001
7973788.004
7973805.014
7973809.004
7973815.014
7973832.011
7973914.003
7973947.013
7975607.001
7975615.004
7975634.014
7975637.004
7975644.014
7975684.011
7975766.003
7975820.013
7977961.001
7977967.004
7977990.014
7977992.004
7978001.014
7978033.011
7978155.003
7978218.013
7981206.001
7981213.004
7981236.014
7981243.004
7981249.014
7981251.004
7981255.014
7981277.011
7981360.003
7981400.013
7982795.101
7983016.001
7983017.021
7983024.004
7983037.031
7983047.014
7983050.004
7983056.014
7983110.011
7985195.101
7989176.102
7992197.001
7992198.021
7992218.031
7992248.004
7992272.014
7992292.011
7997067.001
7997257.011
7997297.001
7997401.011
7997435.001
7997446.011
7997459.001
7997567.011
7997616.001
7997627.011
7997641.001
7997667.011
7997802.001
7997959.011
7997964.001
7998012.004
7998019.014
7998062.011
7998259.003
7998260.023
7998280.033
7998357.013
8000992.003
8001046.013
8001241.003
8001298.013
8001444.001
8001449.004
8001464.014
8001479.011
8001480.001
8001494.011
8001496.001
8001513.011
8001540.001
8001600.011
8001704.003
8001751.013
8001917.001
8001949.011
8002336.003
8002368.013
8003974.001
8003981.004
8003985.014
8003999.004
8004009.014
8004046.011
8004129.003
8004182.013
8004960.001
8004966.004
8004988.014
8004997.011
8005080.003
8005115.013
8005135.003
8005141.013
8006504.101
8007014.001
8007015.021
8007023.004
8007035.031
8007044.014
8007047.004
8007053.014
8007078.004
8007116.014
8007128.011
8009654.001
8009683.011
8009824.003
8009882.013
8011047.001
8011054.004
8011057.014
8011096.011
8011191.003
8011226.013
8011233.003
8011242.013
8012047.001
8012055.004
8012062.014
8012075.011
8012151.003
8012205.013
8013983.001
8013990.004
8014000.014
8014028.011
8014114.003
8014157.013
8014173.003
8014194.013
8014959.001
8014965.004
8014977.014
8014986.011
8015069.003
8015090.013
8015817.101
8016039.001
8016040.021
8016044.004
8016060.031
8016076.014
8016098.004
8016132.014
8016152.011
8016162.004
8016163.001
8016188.014
8016205.011
8021583.003
8021694.013
8021942.001
8021951.004
8021965.014
8022003.011
8024479.001
8024485.004
8024494.014
8024512.004
8024519.014
8024560.011
8024647.003
8024677.013
8026429.001
8026435.004
8026438.014
8026515.011
8026611.003
8026645.013
8027695.001
8027700.004
8027716.014
8027728.011
8027813.003
8027837.013
8029573.102
8029710.001
8029715.004
8029726.014
8029734.011
8029823.003
8029824.023
8029844.033
8029910.013
8031737.101
8032124.003
8032165.013
8034356.102
8035089.002
8035123.012
8035185.001
8035186.021
8035197.004
8035206.031
8035227.014
8035234.004
8035274.014
8035293.011
8041883.001
8041925.011
8042378.001
8042458.011
8042477.001
8042536.011
8042550.001
8042554.011
8042561.001
8042607.011
8042612.001
8042669.011
8042789.003
8042790.023
8042810.033
8042884.013
8045607.003
8045684.013
8047974.102
8048372.001
8048377.004
8048391.014
8048432.011
8051011.001
8051019.004
8051030.014
8051035.004
8051042.014
8051044.004
8051049.014
8051076.011
8051183.003
8051184.023
8051204.033
8051262.013
8052946.102
8053286.003
8053287.023
8053307.033
8053386.013
8054443.101
8055879.003
8055944.013
8056162.003
8056221.013
8058320.001
8058321.021
8058326.004
8058341.031
8058349.014
8058363.004
8058367.014
8058376.004
8058395.014
8058409.011
8060959.003
8060999.013
8061480.101
8063747.001
8063748.021
8063755.004
8063768.031
8063775.014
8063794.004
8063810.014
8063822.011
8068619.001
8068628.004
8068640.014
8068649.004
8068652.014
8068669.011
8068765.003
8068826.013
8071161.001
8071166.004
8071187.014
8071200.011
8071290.003
8071311.013
8071568.102
8072080.002
8072089.012
8072125.001
8072130.004
8072145.014
8072154.011
8073329.001
8073335.004
8073346.014
8073367.011
8075072.001
8075079.004
8075091.014
8075102.011
8075173.003
8075174.023
8075194.033
8075370.013
8077106.003
8077141.013
8079514.002
8079541.012
8079583.001
8079588.004
8079602.014
8079629.011
8080793.001
8080799.004
8080804.014
8080813.011
8080887.003
8080952.013
8080955.003
8080960.013
8082437.101
8083569.001
8083570.021
8083575.004
8083590.031
8083595.014
8083619.004
8083645.014
8083656.011
8084620.003
8084654.013
8087055.102
8088595.001
8088600.004
8088608.014
8088627.011
8088703.003
8088704.023
8088724.033
8088819.013
8091204.102
8093763.001
8093771.004
8093783.014
8093793.011
8093861.003
8093862.023
8093882.033
8093950.013
8095874.003
8095892.101
8095904.013
8098249.001
8098250.021
8098258.004
8098270.031
8098273.014
8098275.004
8098284.014
8098293.004
8098323.014
8098342.011
8100200.003
8100327.013
8102536.001
8102567.011
8105267.001
8105276.004
8105283.014
8105287.004
8105296.014
8105302.004
8105307.014
8105317.011
8105403.003
8105445.013
8106935.003
8106958.013
8107053.001
8107060.004
8107071.014
8107077.011
8108436.101
8109246.001
8109247.021
8109257.004
8109261.014
8109262.004
8109267.031
8109273.014
8109297.004
8109321.014
8109378.011
8116649.001
8116657.004
8116661.014
8116712.011
8116835.003
8116886.013
8117807.001
8117828.011
8117910.003
8117939.013
8120403.001
8120409.004
8120416.014
8120424.011
8120500.003
8120521.013
8121452.001
8121480.011
8122962.001
8122968.004
8122971.014
8122982.011
8125746.101
8126615.102
8128571.001
8128572.021
8128579.004
8128591.014
8128592.031
8128600.004
8128609.014
8128632.004
8128648.014
8128662.011
8130896.003
8130897.023
8130917.033
8130979.013
8133331.003
8133385.013
8136425.001
8136430.004
8136436.014
8136452.011
8136547.003
8136579.013
8137075.102
8137185.001
8137193.004
8137197.014
8137235.011
8139095.002
8139103.012
8139143.001
8139147.004
8139160.014
8139170.011
8141563.001
8141568.004
8141580.014
8141588.011
8141668.003
8141669.023
8141689.033
8141799.013
8143789.101
8143846.003
8143865.013
8146829.001
8146830.021
8146842.004
8146850.031
8146852.014
8146884.004
8146888.014
8146891.004
8146910.014
8146925.011
8149682.102
8153487.101
8153601.001
8153602.021
8153610.004
8153615.014
8153620.004
8153622.031
8153627.014
8153628.004
8153632.014
8153657.004
8153700.014
8153721.011
8158571.001
8158577.004
8158590.014
8158628.011
8158724.003
8158725.023
8158745.033
8158826.013
8161037.003
8161074.013
8163737.002
8163741.012
8163743.002
8163771.012
8163815.001
8163821.004
8163838.014
8163852.011
8164653.001
8164676.011
8165836.001
8165854.011
8165904.102
8167807.001
8167813.004
8167821.014
8167827.011
8167897.003
8167898.023
8167918.033
8167985.013
8170487.003
8170512.013
8172301.001
8172322.011
8175134.102
8177967.001
8177975.004
8177982.014
8177995.011
8178075.003
8178076.023
8178096.033
8178180.013
8180023.003
8180063.013
8182318.101
8185073.102
8185530.001
8185531.021
8185538.004
8185551.031
8185561.014
8185581.004
8185616.014
8185630.011
8186736.101
8187583.003
8187584.023
8187604.033
8187689.013
8196587.001
8196588.021
8196592.004
8196608.031
8196610.014
8196612.004
8196614.014
8196623.004
8196628.014
8196641.004
8196662.014
8196678.011
8200451.102
8204187.001
8204193.004
8204199.014
8204210.011
8204297.003
8204298.023
8204318.033
8204389.013
8206283.003
8206307.013
8208412.002
8208417.012
8208465.001
8208471.004
8208476.014
8208487.011
8209428.101
8216766.001
8216767.021
8216774.004
8216784.014
8216786.004
8216787.031
8216793.014
8216795.004
8216805.014
8216819.004
8216836.014
8216852.011
8216872.101
8220158.003
8220204.013
8228847.102
8588146.001
8588147.021
8588167.031
8588203.004
8588233.014
8588255.011
8588306.101
8590688.001
8590689.021
8590709.031
8590733.004
8590736.014
8590738.004
8590788.014
8590807.011
8592925.001
8592981.011
8592982.001
8593036.011
8593049.001
8593064.011
8593574.002
8593585.012
8593649.001
8593758.011
8593886.003
8593887.023
8593907.033
8593979.013
8594991.102
8595892.003
8595893.023
8595913.033
8595985.013
8598162.003
8598285.013
8598485.003
8598490.013
8598493.003
8598537.013
8598803.001
8598867.011
8599111.003
8599168.013
8599322.003
3
24
17
3
25
17
M002
k
1
2
12
35
45
0
00
00
250
7
670
0
0
0
0
0
0
8599385.013
8599401.102
8599432.101
8600927.001
8600928.021
8600940.004
8600947.014
8600948.031
8600956.004
8600959.014
8600970.004
8600997.014
8601019.011
8603492.003
8603493.023
8603513.033
8603622.013
8606130.003
8606167.013
8606384.003
8606436.013
8607118.001
8607169.011
8607214.002
8607221.012
8607287.003
8607301.102
8607303.023
8607323.033
8607394.013
8609679.003
8609708.013
8609857.003
8609921.013
8610655.102
8612117.001
8612125.004
8612157.014
8612186.011
8612291.003
8612292.023
8612312.033
8612390.013
8614516.003
8614600.013
8616082.001
8616108.011
8616196.003
8616261.013
8617919.001
8617948.011
8618030.003
8618072.013
8619713.001
8619733.011
8619809.003
8619843.013
8620935.102
8621561.001
8621568.004
8621573.014
8621574.004
8621580.014
8621588.011
8621676.003
8621677.023
8621697.033
8621764.013
8621879.102
8623511.003
8623512.023
8623532.033
8623613.013
8624715.101
8625362.003
8625390.013
8627540.102
8627681.001
8627682.021
8627694.004
8627702.031
8627714.014
8627715.004
8627730.014
8627733.004
8627768.014
8627797.011
8630134.001
8630153.011
8630269.101
8633106.003
8633107.023
8633127.033
8633210.013
8635192.003
8635236.013
8635241.003
8635252.013
8641184.001
8641185.021
8641196.004
8641205.031
8641211.014
8641232.004
8641270.014
8641287.011
8646365.102
8649697.001
8649717.011
8649813.003
8649814.023
8649834.033
8649917.013
8651005.101
8657447.002
8657457.012
8657503.001
8657504.021
8657517.004
8657524.031
8657538.014
8657553.004
8657556.014
8657561.004
8657604.014
8657607.004
8657611.014
8657623.011
8658360.101
8660969.003
8661028.013
8663553.102
8672226.003
8672227.023
8672247.033
8672330.013
8676611.102
8681404.001
8681405.021
8681420.004
8681425.031
8681429.014
8681493.011
8683310.101
8689933.001
8689934.021
8689944.004
8689954.031
8689957.014
8689979.004
8689982.014
8689987.004
8690015.014
8690022.004
8690024.014
8690045.011
8691980.003
8691981.023
8692001.033
8692084.013
8698370.001
8698399.011
8698451.001
8698467.011
8698550.003
8698640.013
8701204.102
8705273.101
8709003.001
8709004.021
8709012.004
8709024.031
8709028.014
8709031.004
8709037.014
8709040.004
8709044.014
8709057.004
8709086.014
8709108.011
8716149.003
8716150.023
8716170.033
8716261.013
8718798.101
8728833.003
8728863.013
8729155.102
8731137.001
8731138.021
8731158.031
8731185.004
8731222.014
8731226.004
8731230.014
8731245.011
8736442.101
8738682.001
8738683.021
8738693.004
8738703.031
8738704.014
8738720.004
8738749.014
8738751.004
8738762.014
8738775.011
8747339.001
8747343.004
8747347.014
8747364.011
8748059.003
8748060.023
8748080.033
8748173.013
8752008.102
8753140.001
8753145.011
8761720.003
8761721.023
8761741.033
8761809.013
8769043.102
8771484.002
8771500.012
8775117.002
8775124.012
8775166.001
8775170.011
8792945.001
8792950.004
8792962.014
8792969.011
8793031.003
8793032.023
8793052.033
8793124.013
8794946.102
8803612.003
8803613.023
8803633.033
8803691.013
8806577.003
8806600.013
8809473.003
8809493.013
8809608.003
8809636.013
8820435.001
8820453.011
8820540.003
8820548.013
8823825.001
8823840.011
8830119.001
8830143.011
8831775.101
8832642.003
8832661.013
8842952.002
8842966.012
8842999.001
8843000.021
8843003.004
8843020.031
8843033.014
8843057.004
8843079.014
8843095.011
8851297.102
8852617.003
8852618.023
8852638.033
8852715.013
8859192.003
8859211.013
8861263.001
8861276.011
8869770.001
8869775.004
8869783.014
8869791.011
8869867.003
8869886.013
8871269.101
8873203.002
8873214.012
8873259.001
8873260.021
8873271.004
8873280.031
8873288.014
8873307.004
8873311.014
8873313.004
8873389.014
8873391.004
8873395.014
8873422.011
8875766.102
8880973.101
8886226.003
8886227.023
8886247.033
8886322.013
8894031.102
8894569.001
8894570.021
8894582.004
8894590.031
8894594.014
8894615.004
8894649.014
8894669.011
8905305.001
8905336.011
8915867.001
8915872.004
8915882.014
8915894.011
8918218.101
8924800.003
8924801.023
8924821.033
8924903.013
8929548.003
8929572.013
8931858.002
8931863.012
8931903.001
8931904.021
8931924.031
8931961.004
8931991.014
8932008.011
8934017.102
8939635.101
8963040.001
8963041.021
8963049.004
8963061.031
8963064.014
8963069.004
8963072.014
8963091.004
8963094.014
8963102.004
8963140.014
8963157.011
8965112.001
8965169.004
8965175.014
8965177.004
8965217.014
8965222.004
8965226.014
8965229.004
8965247.014
8965249.004
8965256.014
8965268.011
8968884.003
8968885.023
8968905.033
8968979.013
8970239.101
8971288.002
8971438.012
8971671.001
8971672.021
8971676.004
8971692.031
8971699.014
8971701.004
8971705.014
8971708.004
8971712.014
8971718.004
8971764.014
8971784.011
8977378.003
8977402.013
8985425.102
8987384.001
8987406.011
8990717.101
8991188.001
8991189.021
8991205.004
8991209.031
8991221.014
8991238.004
8991262.014
8991277.011
8999463.002
8999468.012
8999524.001
8999529.011
9004850.101
9010076.001
9010077.021
9010083.004
9010097.031
9010105.014
9010124.004
9010162.014
9010183.011
9019012.101
9020422.002
9020431.012
9020473.001
9020474.021
9020479.011
9020489.001
9020494.031
9020521.004
9020569.014
9020582.011
9023375.002
9023376.012
9023437.001
9023450.011
9026539.003
9026540.023
9026560.033
9026658.013
9027153.102
9033736.001
9033754.011
9033837.003
9033838.023
9033858.033
9033951.013
9040333.102
9043918.003
9043919.023
9043939.033
9044044.013
9053228.001
9053246.011
9053316.003
9053335.013
9053979.101
9062698.001
9062699.021
9062711.004
9062719.014
9062719.031
9062760.004
9062764.014
9062767.004
9062801.014
9062818.011
9063497.101
9067772.102
9072077.002
9072091.012
9072130.001
9072131.021
9072151.031
9072177.004
9072210.014
9072228.011
9072363.001
9072368.011
9072369.001
9072437.004
9072442.014
9072456.004
9072461.014
9072479.011
9084378.001
9084384.004
9084389.014
9084398.011
9086622.101
9087110.002
9087125.012
9087168.001
9087169.021
9087174.004
9087189.031
9087206.014
9087217.004
9087256.014
9087276.011
9087288.001
9087306.011
9108450.001
9108471.011
9108514.101
9108561.003
9108562.023
9108582.033
9108669.013
9115523.001
9115524.021
9115544.031
9115571.004
9115608.014
9115623.011
9122005.002
9122015.012
9123208.001
9123230.011
9127464.003
9127486.013
9137295.002
9137307.012
9137353.001
9137358.004
9137361.014
9137371.011
9148104.001
9148125.011
9155404.001
9155427.011
9155541.003
9155587.013
9157405.101
9159361.001
9159362.021
9159367.004
9159382.031
9159388.014
9159407.004
9159410.014
9159414.102
9159423.004
9159452.014
9159468.011
9161832.003
9161833.023
9161853.033
9162009.013
9168936.102
9169445.003
9169446.023
9169466.033
9169552.013
9171817.003
9171842.013
9172706.102
9175825.101
9184066.001
9184067.021
9184070.011
9184083.001
9184087.031
9184092.011
9184114.004
9184117.014
9184127.004
9184231.001
9184282.014
9184303.011
9185983.003
9185984.023
9186004.033
9186090.013
9188296.002
9188345.012
9188472.003
9188503.013
9197442.003
9197470.013
9201493.102
9215109.001
9215123.011
9222346.101
9232032.001
9232033.021
9232041.004
9232053.014
9232053.031
9232089.004
9232132.014
9232146.011
9241507.002
9241513.012
9241521.002
9241632.012
9241690.001
9241701.004
9241705.014
9241710.004
9241714.014
9241716.004
9241747.014
9241754.011
9247528.003
9247529.023
9247549.033
9247643.013
9252024.101
9265164.002
9265182.012
9265226.001
9265227.021
9265241.004
9265245.014
9265247.031
9265280.004
9265302.014
9265326.011
9272566.101
9281554.002
9281565.012
9281594.001
9281595.021
9281603.004
9281615.031
9281634.014
9281635.004
9281639.014
9281660.004
9281664.014
9281670.004
9281696.014
9281710.011
9284056.101
9291375.002
9291389.012
9291435.001
9291436.021
9291441.004
9291456.031
9291481.014
9291524.004
9291538.014
9291555.011
9295379.101
9301088.001
9301089.021
9301092.004
9301109.031
9301128.014
9301132.004
9301166.014
9301182.011
9302952.102
9304636.101
9309600.002
9309606.012
9309647.001
9309648.021
9309658.004
9309668.031
9309688.014
9309699.004
9309729.014
9309767.011
9314948.101
9315986.002
9315995.012
9316041.001
9316042.021
9316054.004
9316062.031
9316071.014
9316072.004
9316077.014
9316078.004
9316083.014
9316088.004
9316092.014
9316100.004
9316109.014
9316122.011
9325634.051
3
24
17
3
25
17
M002
k
1
2
12
35
45
0
00
00
250
7
195
0
0
0
0
0
0
9325635.112
9329880.001
9329911.011
9343883.001
9343904.011
9344023.003
9344046.013
9348267.001
9348274.004
9348280.014
9348281.004
9348287.014
9348293.011
9353191.003
9353247.013
9353266.003
9353271.013
9361789.003
9361807.013
9372450.001
9372455.004
9372461.014
9372472.011
9375200.002
9375217.012
9375263.001
9375268.004
9375274.014
9375283.011
9381985.001
9382005.011
9383565.003
9383590.013
9391300.002
9391307.012
9391345.001
9391354.004
9391361.014
9391377.011
9394905.001
9394923.011
9401415.003
9401459.013
9410951.001
9410973.011
9411061.003
9411078.013
9418883.001
9418891.004
9418893.014
9418904.011
9427560.001
9427574.011
9427670.003
9427696.013
9464074.001
9464084.004
9464087.014
9464098.011
9464190.003
9464217.013
9464322.002
9464379.012
9473813.002
9473822.012
9473859.001
9473879.011
9478019.003
9478065.013
9485244.002
9485262.012
9485310.001
9485376.011
9492282.001
9492298.011
9502344.001
9502350.004
9502355.014
9502367.011
9507361.003
9507390.013
9520053.001
9520070.011
9527543.003
9527625.013
9537664.001
9537672.004
9537677.014
9537697.011
9537793.003
9537808.013
9540473.001
9540479.004
9540481.014
9540498.011
9543906.002
9543922.012
9543964.001
9543969.004
9543973.014
9543986.011
9544600.003
9544631.013
9562671.001
9562698.011
9562818.003
9562852.013
9573474.002
9573486.012
9573525.001
9573542.011
9576404.003
9576437.013
9587740.003
9587761.013
9601616.003
9601641.013
9607788.003
9607803.013
9621464.003
9621495.013
9630615.001
9630636.011
9636260.003
9636284.013
9652398.001
9652424.011
9659107.003
9659168.013
9672289.001
9672313.011
9672405.003
9672425.013
9694140.003
9694158.013
9718319.003
9718367.013
9722205.001
9722242.011
9722336.003
9722363.013
9723837.001
9723861.011
9736180.002
9736188.012
9736234.001
9736239.004
9736245.014
9736259.011
9738282.001
9738290.004
9738293.014
9738306.011
9744862.003
9744896.013
9746393.003
9746418.013
9756407.003
9756430.013
9760583.003
9760615.013
9760640.003
9760650.013
9760743.001
9760751.011
9774883.003
9774907.013
9780925.003
9780968.013
9781155.001
9781223.011
9781271.001
9781277.011
9781281.001
9781286.011
9783981.003
9784009.013
9787020.001
9787043.011
9808739.003
9808769.013
9808872.001
9808903.011
9808906.001
9808909.011
9830576.003
9830630.013
9833248.003
9833276.013
9840587.003
9840613.013
9850921.003
9850925.013
9850931.003
9850954.013
3
25
17
3
25
17
M002
k
1
2
16
20
02
0
00
00
250
7
800
0
0
0
0
0
0
2788.003
2815.013
5137.001
5157.011
43613.003
43636.013
78059.003
78088.013
105091.001
105112.011
126995.003
127024.013
164465.003
164488.013
164641.001
164693.011
189744.001
189790.011
209026.003
209051.013
240188.003
240221.013
259755.003
259850.013
269863.001
269870.004
269881.014
269896.011
275618.003
275657.013
300226.003
300254.013
300422.001
300430.011
312733.003
312772.013
335264.003
335289.013
345491.003
345798.013
355148.002
355159.012
365007.003
365020.013
365038.003
365048.013
366028.003
366052.013
368441.001
368472.011
377124.001
377130.004
377134.014
377153.011
377229.003
377254.013
378838.001
378845.004
378847.014
378859.011
380517.001
380542.011
380614.003
380646.013
383388.002
383454.012
383563.001
383575.011
383592.001
383596.011
383600.001
383612.011
383616.001
383625.011
398494.003
398519.013
405144.003
405168.013
421391.003
421404.013
432582.001
432616.011
432732.003
432767.013
434860.003
434875.013
437082.001
437100.011
440049.001
440056.004
440057.014
440075.011
440149.003
440165.013
442224.003
442247.013
451493.001
451499.004
451504.014
451517.011
453198.001
453208.004
453213.014
453220.011
455426.003
455468.013
456435.001
456440.004
456451.014
456458.011
457984.003
458038.013
458073.003
458109.013
458125.003
458134.013
459251.003
459292.013
459488.003
459517.013
459554.003
459619.013
460546.002
460560.012
460763.003
460925.013
460931.003
460998.013
461104.002
461159.012
461253.001
461299.011
461313.001
461317.011
461326.001
461336.011
461361.001
461367.011
461369.001
461371.011
461390.001
461393.011
461394.001
461397.011
461605.003
461678.013
461684.003
461703.013
461719.003
461723.013
461726.003
461979.013
461980.003
461984.013
461987.003
461996.013
462261.001
462291.004
462300.014
462320.011
462333.001
462346.011
462350.001
462360.011
462364.001
462391.004
462411.014
462427.011
462594.001
462667.004
462674.014
462697.011
462716.001
462723.011
462878.001
462883.011
462904.001
462907.011
462908.001
462955.011
462956.001
462986.011
462989.001
462993.011
463004.001
463020.011
463037.001
463083.011
463529.002
463628.012
463722.001
463730.004
463736.014
463741.004
463758.014
463789.011
463876.001
463886.011
463897.001
463900.011
463903.001
463946.011
467624.001
467646.011
483469.003
483489.013
518519.001
518549.011
518620.003
518652.013
521221.002
521229.012
521249.002
521378.012
521443.003
521467.013
522058.003
522082.013
523156.003
523215.013
533367.003
533402.013
534509.001
534520.004
534528.014
534536.004
534544.014
534545.004
534574.014
534610.004
534627.014
534641.011
534749.003
534817.013
534938.002
534949.012
535000.001
535011.004
535029.014
535030.004
535058.014
535072.011
535129.001
535141.004
535158.014
535270.004
535281.014
535312.011
536623.001
536628.004
536642.014
536657.011
540986.002
540999.012
541034.001
541041.004
541052.014
541061.011
546120.001
546144.011
546592.003
546598.013
550040.001
550093.004
550099.014
550133.011
569324.002
569331.012
569369.001
569396.011
570158.001
570175.011
586476.001
586522.011
586729.003
586771.013
591356.001
591361.004
591372.014
591381.011
591451.003
591471.013
596609.001
596628.011
596714.003
596771.013
596816.003
596923.013
597165.003
597180.013
613695.001
613720.011
613801.003
613829.013
619103.003
619144.013
621102.002
621116.012
621252.003
621280.013
622819.001
622824.004
622839.014
622857.011
622872.001
622875.011
622993.003
623026.013
623799.003
623828.013
623842.003
623865.013
623898.003
623962.013
623963.003
623988.013
623990.003
623996.013
624199.003
624213.013
624219.003
624266.013
624269.003
624605.013
624903.001
624928.011
625076.003
625169.013
626455.003
626643.013
626925.003
627025.013
627906.003
627936.013
635770.003
635778.013
642591.001
642604.011
648822.003
648837.013
652953.001
652960.004
652968.014
652994.011
653151.003
653176.013
660990.003
661009.013
661013.003
661017.013
693971.003
694010.013
698735.002
698747.012
698828.003
698961.013
716263.003
716301.013
719883.001
719896.011
719917.001
719961.011
719975.001
719981.011
719982.001
719997.011
720442.001
720465.011
720965.001
720979.011
720996.001
720999.011
721001.001
721005.011
721011.001
721021.011
721030.001
721039.011
721041.001
721076.004
721129.014
721139.011
721169.001
721182.004
721210.014
721224.011
721828.003
721959.013
722050.002
722090.012
722182.001
722207.011
722221.001
722235.004
722255.014
722270.011
722283.001
722344.011
722346.001
722369.004
722378.014
722405.011
722414.001
722444.011
722499.001
722530.004
722540.014
722541.004
722553.014
722567.011
723402.003
723501.013
723687.003
724051.013
724242.002
724265.012
724325.001
724348.004
724353.014
724359.004
724362.014
724367.004
724383.014
724399.011
724429.001
724433.011
724436.001
724467.011
734586.003
734658.013
735065.001
735074.004
735077.014
735083.004
735089.014
735094.004
735108.014
735112.004
735136.014
735150.011
739257.003
739267.013
739526.002
739543.012
740368.001
740383.011
740423.001
740431.004
740441.014
740462.004
740518.014
740534.011
740540.001
740554.004
740576.014
740577.004
740582.014
740607.004
740619.014
740626.011
740756.003
740806.013
741848.001
741861.011
741907.001
741922.011
743480.001
743486.004
743494.014
743504.011
744702.001
744727.011
744818.003
744841.013
746197.001
746202.004
746214.014
746223.011
747615.001
747664.011
749816.001
749848.011
749973.003
750017.013
750123.003
750163.013
750175.003
750188.013
750210.003
750213.013
752870.003
753152.013
753200.003
753696.013
753716.003
753723.013
755804.003
755934.013
755956.003
756103.013
756730.003
756993.013
756998.003
757003.013
757130.003
757154.013
757156.003
757184.013
758372.003
758427.013
758944.001
758992.011
762428.003
762459.013
762478.003
762579.013
762585.003
762591.013
762697.003
762706.013
762707.003
762731.013
762738.003
762741.013
762995.003
763096.013
763538.003
763818.013
764696.003
764775.013
766382.003
766474.013
766771.002
766903.012
766912.002
766919.012
766923.002
766933.012
767000.003
767072.013
767083.003
767087.013
767218.002
767461.012
767548.001
767574.011
767582.001
767599.011
767601.001
767654.011
767656.001
767663.011
779689.042
779689.1
360
1
80
1
0.006944
779689.11
781053.001
781121.011
781151.001
781212.011
781404.003
781529.013
788046.102
796724.001
796795.011
796961.003
796962.023
796982.033
797479.013
801792.003
801879.013
802191.003
802290.013
802291.003
802298.013
802571.003
802726.013
802899.001
802944.011
802947.001
802992.011
803030.001
803071.004
803077.014
803104.004
803112.014
803113.004
803124.014
803133.004
803135.014
803259.011
803265.001
803283.011
803286.001
803303.011
803345.001
803367.011
803377.001
803435.011
803531.003
804056.013
804060.003
804103.013
804121.003
804239.013
804240.003
804494.013
804504.003
804558.013
804750.002
804770.012
804825.001
804882.011
804891.001
804932.011
804934.001
804937.011
805104.002
805124.012
805130.002
805133.012
805190.003
805272.013
805497.001
805528.011
806314.001
806319.004
806324.014
806339.004
806346.014
806353.004
806357.014
806365.011
806369.001
806376.011
806455.003
806554.013
806555.003
806603.013
807238.001
807242.004
807257.014
807262.004
807268.014
807284.011
807362.003
807434.013
808127.001
808132.004
808147.014
808150.004
808165.014
808205.011
808228.001
808241.011
808321.003
808417.013
809088.001
809094.004
809102.014
809117.011
809240.001
809248.004
809255.014
809281.011
809360.003
809461.013
810246.001
810251.004
810264.014
810269.004
810277.014
810298.011
810365.102
810378.003
810379.023
810399.033
810468.013
813167.003
813250.013
813271.003
813540.013
813588.003
813644.013
813845.003
813901.013
813905.003
813929.013
814124.003
814190.013
814308.001
814316.004
814329.014
814355.011
814949.001
814953.004
814966.014
814975.004
814988.014
815016.011
815099.003
815240.013
816613.001
816618.004
816640.014
816643.004
816659.014
816730.011
816759.001
816777.011
816906.003
817014.013
817576.001
817581.004
817595.014
817605.011
817685.003
817784.013
817802.003
817810.013
818440.001
818483.011
818562.003
818634.013
819704.001
819733.011
819814.003
819868.013
820016.102
821032.001
821037.004
821051.014
821060.011
821145.003
821146.023
821166.033
821244.013
824029.003
824083.013
824317.001
824356.011
824363.001
824387.011
824396.001
824408.011
824475.002
824489.012
824545.003
824596.013
824643.003
824667.013
825479.001
825501.011
825550.001
825567.011
825649.003
825707.013
826261.001
826267.004
826283.014
826309.011
826386.003
826433.013
827832.001
827838.004
827851.014
827859.004
827864.014
827875.011
827965.003
828031.013
828646.001
828652.004
828668.014
828691.011
828771.003
828847.013
829405.001
829411.004
829431.014
829432.004
829437.014
829440.004
829447.014
829455.011
829531.003
829609.013
829864.102
831554.001
831562.004
831570.014
831589.004
831592.014
831597.004
831603.014
831691.011
3
25
17
3
25
17
M002
k
1
2
16
20
02
0
00
00
250
7
800
0
0
0
0
0
0
831779.003
831780.023
831800.033
831868.013
834418.003
834465.013
835598.003
835667.013
835921.001
835966.011
835969.001
835995.011
835996.001
836012.011
836144.003
836197.013
836834.101
837047.001
837048.021
837056.004
837068.031
837077.014
837079.004
837084.014
837100.004
837128.014
837144.011
839815.001
839837.011
840010.003
840070.013
841078.102
841734.001
841787.011
841796.001
841812.011
841908.003
841909.023
841929.033
842003.013
845346.003
845378.013
848622.002
848639.012
848704.001
848717.004
848726.014
848773.011
848783.001
848803.011
848842.001
848888.004
848896.014
848921.004
848929.014
848992.011
849089.003
849312.013
849427.001
849519.011
849524.001
849528.011
849531.001
849534.011
849566.001
849601.011
849623.001
849653.011
849660.001
849677.011
849747.002
849775.012
849833.003
849862.013
852713.001
852719.004
852747.014
852802.011
852899.001
852919.011
853102.003
853194.013
853202.003
853218.013
853223.003
853229.013
853237.003
853258.013
854510.001
854516.004
854534.014
854537.004
854547.014
854573.011
854650.003
854687.013
856549.001
856554.004
856569.014
856576.004
856581.014
856594.011
856673.003
856716.013
859428.001
859441.004
859447.014
859455.004
859463.014
859487.011
859571.003
859642.013
860384.102
861579.001
861584.004
861600.014
861606.004
861611.014
861638.011
861715.003
861716.023
861736.033
861809.013
864547.003
864596.013
865598.001
865605.004
865609.014
865646.011
866394.001
866408.004
866414.014
866428.011
866523.003
866575.013
866584.003
866608.013
867148.001
867153.004
867158.014
867173.011
867281.003
867345.013
867701.102
867991.001
868000.004
868006.014
868018.011
868095.003
868096.023
868116.033
868197.013
871138.003
871202.013
872566.001
872573.004
872588.014
872594.004
872602.014
872619.011
872696.003
872769.013
874289.001
874315.004
874319.014
874333.011
874429.003
874488.013
874828.102
876266.001
876271.004
876284.014
876306.011
876387.003
876388.023
876408.033
876522.013
879224.003
879262.013
882244.102
907441.001
907465.004
907471.014
907473.004
907478.014
907502.011
907635.003
907636.023
907656.033
907717.013
909958.003
910000.013
910246.001
910256.004
910259.014
910260.004
910264.014
910317.011
910432.003
910520.013
910774.003
910821.013
911996.102
917167.001
917174.004
917178.014
917182.004
917189.014
917192.004
917200.014
917220.011
917325.003
917326.023
917346.033
917433.013
919761.003
919783.013
926003.102
965372.101
1127852.001
1127853.021
1127873.031
1127899.004
1127942.014
1127957.011
1130440.001
1130516.011
1130800.003
1130801.023
1130821.033
1130894.013
1132969.003
1133040.013
1133231.003
1133293.013
1133485.102
1133995.001
1134076.011
1134086.001
1134109.011
1134124.001
1134190.011
1134218.001
1134249.011
1134388.003
1134389.023
1134409.033
1134480.013
1137477.003
1137546.013
1138772.102
1140135.001
1140146.004
1140151.014
1140180.011
1140299.003
1140300.023
1140320.033
1140418.013
1143050.003
1143117.013
1143381.002
1143399.012
1146099.001
1146115.004
1146119.014
1146130.004
1146134.014
1146143.011
1146270.003
1146402.013
1146753.001
1146759.004
1146763.014
1146800.011
1146806.001
1146814.011
1147131.003
1147192.013
1170649.102
1223758.101
1430503.001
1430504.021
1430524.031
1430555.004
1430582.014
1430599.011
1432965.001
1433009.011
1433010.001
1433021.011
1433180.003
1433181.023
1433201.033
1433570.013
1435121.003
1435139.013
1435497.003
1435573.013
1435782.001
1435814.011
1435827.001
1435857.011
1435876.001
1435901.011
1435916.001
1435923.011
1435964.001
1435978.004
1435987.014
1435997.004
1436001.014
1436079.011
1436209.003
1436353.013
1436527.003
1436571.013
1436814.003
1436864.013
1437025.001
1437057.011
1437061.001
1437094.011
1437208.003
1437231.013
1437251.003
1437340.013
1437799.001
1437859.011
1437862.001
1437866.011
1438994.001
1439036.011
1439143.003
1439224.013
1439280.102
1440149.001
1440231.011
1440354.003
1440355.023
1440375.033
1440446.013
1444745.003
1444852.013
1444995.001
1445077.011
1445082.001
1445104.011
1445179.002
1445218.012
1445280.001
1445346.011
1445646.001
1445681.011
1445682.001
1445686.011
1445795.003
1445924.013
1446361.003
1446460.013
1448095.001
1448103.004
1448110.014
1448121.004
1448137.014
1448147.011
1448257.003
1448346.013
1448351.102
1448839.001
1448850.004
1448856.014
1448894.011
1448899.001
1448922.011
1448939.001
1449052.011
1449098.001
1449123.011
1449277.003
1449278.023
1449298.033
1449368.013
1451586.003
1451619.013
1451632.003
1451663.013
1456233.001
1456243.004
1456253.014
1456290.011
1456298.001
1456344.011
1456346.001
1456372.011
1456385.001
1456463.011
1456596.003
1456742.013
1456912.001
1456942.011
1458035.001
1458067.004
1458074.014
1458075.004
1458081.014
1458095.011
1458200.003
1458285.013
1459276.001
1459283.004
1459287.014
1459304.004
1459308.014
1459332.011
1459432.003
1459526.013
1459637.102
1461391.001
1461461.011
1461600.003
1461601.023
1461621.033
1461686.013
1464242.003
1464289.013
1465193.102
1465863.002
1465912.012
1465959.001
1465968.004
1465975.014
1466018.011
1466034.001
1466056.011
1466092.001
1466176.011
1466331.003
1466332.023
1466352.033
1466407.013
1466446.102
1469488.003
1469489.023
1469509.033
1469514.102
1469516.023
1469536.033
1469603.013
1471426.003
1471434.013
1471442.003
1471498.013
1471677.102
1472623.101
1484048.003
1484049.023
1484069.033
1484151.013
1486377.003
1486458.013
1486706.003
1486760.013
1486927.001
1486928.021
1486942.004
1486948.031
1486961.014
1486969.004
1486974.014
1486978.004
1487020.014
1487041.011
1488355.102
1491028.101
1491965.001
1491966.021
1491975.004
1491986.031
1492004.014
1492015.004
1492039.014
1492041.004
1492054.014
1492068.011
1494358.003
1494359.023
1494379.033
1494441.013
1496738.102
1496996.003
1496997.023
1497017.033
1497112.013
1498952.102
1499759.003
1499760.023
1499780.033
1499856.013
1502891.003
1502955.013
1504353.001
1504360.004
1504367.014
1504378.004
1504380.014
1504399.011
1505899.001
1505919.011
1506006.003
1506055.013
1507578.102
1508094.003
1508095.023
1508115.033
1508195.013
1509967.003
1509995.013
1512484.001
1512501.011
1514292.003
1514332.013
1520800.001
1520811.004
1520818.014
1520826.011
1520899.003
1520920.013
1521645.101
1530151.001
1530152.021
1530164.004
1530172.031
1530182.014
1530190.004
1530194.014
1530212.004
1530215.014
1530226.004
1530231.014
1530245.011
1530382.001
1530484.011
1533530.003
1533562.013
1542178.002
1542196.012
1542369.001
1542406.011
1542717.003
1542742.013
1543134.102
1549390.001
1549398.004
1549406.014
1549417.011
1549419.001
1549425.011
1549507.003
1549508.023
1549528.033
1549596.013
1551365.003
1551404.013
1555644.102
1556181.001
1556187.004
1556200.014
1556227.011
1559935.001
1559962.011
1559965.001
1559974.011
1560061.003
1560062.023
1560082.033
1560159.013
1561940.003
1561969.013
1564493.001
1564500.004
1564509.014
1564517.011
1564596.003
1564627.013
1566644.001
1566651.004
1566657.014
1566665.011
1566747.003
1566772.013
1568602.102
1570981.003
1570982.023
1571002.033
1571067.013
1572874.003
1572911.013
1577263.001
1577270.004
1577275.014
1577282.011
1577356.003
1577393.013
1579668.001
1579683.011
1581186.002
1581198.012
1581237.001
1581252.011
1582435.002
1582446.012
1582486.001
1582503.011
1586399.001
1586405.004
1586414.014
1586436.011
1586512.003
1586562.013
1586926.102
1590849.001
1590854.004
1590860.014
1590872.011
1590876.001
1590893.011
1590964.003
1590965.023
1590985.033
1591055.013
1593170.003
1593228.013
1594986.102
1598789.001
1598794.004
1598801.014
1598811.011
1598884.003
1598885.023
1598905.033
1598980.013
1603056.101
1603186.001
1603187.021
1603198.004
1603207.031
1603227.014
1603234.004
1603236.014
1603249.004
1603269.014
1603305.011
1605174.102
1606939.101
1609398.001
1609399.021
1609404.004
1609419.031
1609440.014
1609460.004
1609480.014
1609500.011
1611399.003
1611400.023
1611420.033
1611497.013
1619220.002
1619226.012
1619290.001
1619313.011
1619357.002
1619367.012
1619420.003
1619451.013
1622630.102
1623347.002
1623373.012
1623410.001
1623415.004
1623422.014
1623436.011
1625360.101
1627335.001
1627336.021
1627345.004
1627356.031
1627362.014
1627393.004
1627410.014
1627427.011
1629199.101
1629642.003
1629643.023
1629663.033
1629779.013
1631134.102
1651143.001
1651144.021
1651152.004
1651164.031
1651165.014
1651168.004
1651175.014
1651198.004
1651234.014
1651248.011
1651250.001
1651255.011
1653252.003
1653253.023
1653273.033
1653331.013
1655291.003
1655317.013
1656911.102
1664479.001
1664486.004
1664501.014
1664531.011
1664630.003
1664631.023
1664651.033
1664717.013
1666807.102
1666850.003
1666851.023
1666871.033
1666972.013
1668837.003
1668869.013
1669163.002
1669236.012
1673079.101
1675141.001
1675142.021
1675146.004
1675151.014
1675157.004
1675162.031
1675175.014
1675188.004
1675221.014
1675240.011
1678005.102
1681408.001
1681413.004
1681421.014
1681428.011
1696571.002
1696580.012
1701415.003
1701416.023
1701436.033
1701571.013
1705978.101
1706517.102
1718093.001
1718094.021
1718102.004
1718114.031
1718122.014
1718152.004
1718178.014
1718181.004
1718185.014
1718207.011
1726811.001
1726818.004
1726821.014
1726837.011
1726903.003
1726904.023
1726924.033
1727005.013
1727255.101
1727917.102
1728870.003
1728871.023
1728891.033
1728974.013
1730779.003
1730807.013
1734386.001
1734387.021
1734392.004
1734407.031
1734415.014
1734439.004
1734476.014
1734479.004
1734483.014
1734495.004
1734506.014
1734519.011
1736852.102
1738308.003
1738309.023
1738329.033
1738613.013
