3
24
17
3
25
17
M016
k
1
8
12
42
50
0
00
00
250
7
800
0
0
0
0
0
0
3522920.111
3522920.112
3522921.049
3522921.027
3544308.003
3544357.013
3544639.001
3544743.011
3545017.001
3545044.011
3549873.001
3549915.011
3556147.001
3556181.011
3556353.003
3556415.013
3556467.003
3556499.013
3556640.001
3556674.011
3575484.002
3575493.012
3575979.002
3576024.012
3576029.002
3576037.012
3576202.002
3576209.012
3576220.002
3576249.012
3576264.002
3576275.012
3576279.002
3576299.012
3576635.002
3576650.012
3576653.002
3576671.012
3576686.002
3576742.012
3576747.002
3576780.012
3585592.001
3585616.011
3586768.003
3586858.013
3610773.001
3610812.011
3610997.003
3611089.013
3625193.003
3625205.013
3625534.001
3625564.011
3627066.003
3627080.013
3627082.003
3627156.013
3627172.003
3627252.013
3627380.003
3627419.013
3627440.003
3627460.013
3627941.002
3627947.012
3628054.002
3628055.012
3628230.002
3628245.012
3628248.002
3628263.012
3628288.002
3628314.012
3628744.002
3628746.012
3628783.002
3628784.012
3628958.002
3628978.012
3629023.002
3629024.012
3629136.002
3629137.012
3629183.002
3629193.012
3629199.002
3629217.012
3629218.002
3629222.012
3629223.002
3629259.012
3629282.002
3629283.012
3629339.002
3629342.012
3629344.002
3629345.012
3629642.002
3629644.012
3629647.002
3629662.012
3629666.002
3629686.012
3629689.002
3629703.012
3629737.002
3629738.012
3629807.002
3629809.012
3629815.002
3629825.012
3629826.002
3629849.012
3629863.002
3629878.012
3630153.002
3630160.012
3630213.002
3630214.012
3630328.002
3630333.012
3630335.002
3630385.012
3630599.002
3630643.012
3630650.002
3630653.012
3630670.002
3630673.012
3630675.002
3630678.012
3630685.002
3630766.012
3630772.002
3630790.012
3630811.002
3630812.012
3630830.002
3630831.012
3630853.002
3630863.012
3630866.002
3630867.012
3630871.002
3630903.012
3630904.002
3630947.012
3630949.002
3630964.012
3631231.002
3631319.012
3631327.002
3631335.012
3631383.002
3631403.012
3631405.002
3631473.012
3631483.002
3631484.012
3631486.002
3631490.012
3631491.002
3631493.012
3631524.002
3631526.012
3631533.002
3631548.012
3631549.002
3631717.012
3631727.002
3631729.012
3631732.002
3631815.012
3631818.002
3631830.012
3632237.002
3632257.012
3632260.002
3632269.012
3632343.002
3632405.012
3632406.002
3632424.012
3632441.002
3632444.012
3632449.002
3632485.012
3632498.002
3632506.012
3632566.002
3632570.012
3633857.002
3633871.012
3634513.002
3634538.012
3634694.002
3634719.012
3634974.002
3634975.012
3635129.002
3635130.012
3635219.002
3635220.012
3635437.003
3635477.013
3635728.003
3635761.013
3635781.003
3635784.013
3651180.002
3651194.012
3651196.002
3651197.012
3651223.002
3651246.012
3651267.002
3651269.012
3651479.003
3651511.006
3651512.016
3651567.013
3651576.003
3651595.006
3651596.016
3651603.006
3651604.016
3651615.006
3651616.016
3651619.006
3651620.016
3651727.013
3651754.003
3651758.013
3651859.001
3651902.011
3651927.001
3651944.011
3652029.001
3652036.011
3652043.001
3652055.011
3652057.001
3652083.011
3652087.001
3652091.011
3652097.001
3652114.011
3652123.001
3652145.011
3652147.001
3652150.011
3652783.003
3652799.013
3678988.003
3678998.006
3678999.016
3679070.013
3679106.003
3679123.006
3679124.016
3679128.006
3679129.016
3679147.006
3679148.016
3679190.013
3679301.001
3679330.011
3696988.001
3697006.011
3697214.003
3697278.013
3697287.003
3697300.006
3697301.016
3697308.006
3697309.016
3697321.006
3697322.016
3697328.006
3697329.016
3697361.006
3697362.016
3697465.013
3697571.001
3697674.011
3698249.003
3698304.006
3698305.016
3698315.006
3698316.016
3698388.006
3698389.016
3698399.006
3698400.016
3698454.013
3698600.001
3698653.011
3698668.001
3698696.011
3698892.002
3698898.012
3699033.003
3699041.006
3699042.016
3699060.006
3699061.016
3699079.006
3699080.016
3699088.006
3699089.016
3699095.006
3699096.016
3699131.006
3699132.016
3699146.006
3699147.016
3699195.013
3699290.001
3699323.011
3725434.003
3725474.013
3726749.001
3726750.011
3735127.002
3735133.012
3736435.002
3736451.012
3736453.002
3736466.012
3737696.002
3737704.012
3737957.003
3738004.013
3738021.003
3738057.013
3753324.001
3753344.011
3753502.003
3753515.006
3753516.016
3753553.013
3753615.003
3753645.006
3753646.016
3753672.013
3807992.001
3808030.011
3808236.003
3808308.013
3810641.002
3810671.012
3810689.002
3810703.012
3810872.003
3810881.006
3810882.016
3810956.013
3818081.002
3818090.012
3818092.002
3818108.012
3870781.001
3870814.011
3871059.003
3871088.013
3871100.003
3871110.013
3871206.003
3871239.013
3912476.001
3912512.011
3912747.003
3912763.013
3966098.001
3966135.011
4062963.049
4062963.027
4907883.001
4907950.011
4908307.003
4908360.013
6912376.001
6912490.011
6912887.003
6912953.013
6928847.003
6928876.013
6981308.001
6981339.011
7022292.001
7022371.011
7022814.003
7022833.013
7569769.001
7569853.011
7570005.001
7570074.011
7570339.003
7570453.013
7570460.003
7570462.013
7570599.003
7570627.013
7571462.003
7571498.013
7572087.001
7572208.011
7572615.001
7572651.011
7572930.001
7572942.011
7811244.001
7811327.011
7811551.003
7811633.013
7813049.001
7813095.011
7813327.003
7813372.013
7813559.003
7813652.013
7813799.001
7813858.011
7815243.001
7815277.011
7815679.001
7815719.011
7815904.003
7816045.013
7816294.001
7816331.011
7816531.001
7816583.011
7843036.041
7843037.059
7843037.037
7847059.102
7853075.101
7900407.001
7900408.021
7900428.031
7900511.011
7903391.001
7903454.011
7903846.001
7903920.011
7904295.003
7904296.023
7904316.033
7904352.006
7904353.016
7904404.013
7907096.003
7907143.013
7907310.003
7907359.013
7907642.003
7907714.013
7907908.001
7907998.101
7908000.021
7908020.031
7908140.011
7911247.001
7911342.011
7911529.001
7911562.011
7911566.001
7911707.011
7911898.001
7911954.011
7912183.003
7912296.013
7912303.003
7912322.013
7912392.003
7912414.013
7912433.003
7912437.013
7912623.003
7912682.013
7912806.001
7912890.011
7913038.001
7913070.011
7913766.003
7913954.013
7914107.001
7914212.011
7914241.001
7914308.011
7914394.001
7914424.011
7914435.001
7914440.011
7914763.003
7914872.013
7915165.003
7915220.013
7915382.001
7915445.011
7915449.001
7915461.011
7915711.001
7915776.011
7915901.001
7915947.011
7915992.102
7916515.001
7916572.011
7916689.001
7916711.011
7916715.001
7916745.011
7917192.001
7917229.011
7917326.002
7917334.012
7917442.003
7917443.023
7917463.033
7917470.006
7917471.016
7917475.006
7917476.016
7917506.006
7917507.016
7917560.013
7920405.003
7920458.013
7920559.003
7920642.013
7920810.003
7920844.013
7920848.003
7920851.013
7920855.003
7920857.013
7921117.001
7921263.011
7921368.001
7921405.011
7921759.003
7921889.013
7921890.003
7921908.013
7922044.001
7922101.011
7922106.001
7922107.011
7922210.001
7922234.011
7922381.003
7922528.013
7922530.003
7922543.006
7922544.016
7922555.006
7922556.016
7922563.006
7922564.016
7922585.006
7922586.016
7922642.013
7922866.003
7922897.013
7923089.001
7923120.011
7923324.001
7923359.011
7923487.003
7923552.013
7923790.003
7923806.006
7923807.016
7923811.006
7923812.016
7923814.006
7923815.016
7923825.006
7923826.016
7923879.013
7924664.001
7924699.011
7924991.002
7925007.012
7925101.003
7925112.006
7925113.016
7925120.006
7925121.016
7925233.013
7925356.003
7925365.006
7925366.016
7925408.013
7925505.003
7925534.013
7925539.003
7925543.013
7925639.001
7925668.011
7925932.101
7926428.001
7926429.021
7926449.031
7926534.011
7928050.102
7928738.101
7930501.001
7930502.021
7930522.031
7930591.011
7931089.101
7933652.001
7933653.021
7933673.031
7933764.011
7936086.001
7936151.011
7936738.001
7936789.011
7936943.001
7937029.011
7937111.101
7937201.001
7937202.021
7937222.031
7937287.011
7941300.001
7941386.011
7943445.001
7943537.011
7943722.001
7943781.011
7943787.001
7943793.011
7943948.003
7943949.023
7943969.033
7944017.006
7944018.016
7944057.013
7945083.102
7945744.101
7947019.003
7947020.023
7947040.033
7947067.006
7947068.016
7947107.013
7950198.003
7950251.013
7950644.003
7950737.013
7950794.003
7950822.013
7951078.001
7951079.021
7951099.031
7951180.011
7953631.001
7953732.011
7953919.001
7953949.011
7954259.101
7954261.003
7954407.013
7954420.003
7954459.013
7954465.003
7954480.013
7954689.002
7954696.012
7954711.002
7954799.012
7954805.002
7954813.012
7954896.001
7954897.021
7954917.031
7954988.011
7956930.001
7956994.011
7957598.003
7957695.013
7957734.003
7957752.013
7957753.003
7957754.013
7957755.003
7957758.013
7957924.001
7957960.011
7958263.003
7958308.013
7959058.001
7959091.011
7959592.003
7959630.013
7963652.001
7963713.011
7963839.003
7963955.013
7964215.001
7964243.011
7967974.001
7968014.011
7968143.003
7968163.013
7971327.001
7971354.011
7971498.003
7971509.013
7971533.003
7971539.013
7971569.003
7971582.006
7971583.016
7971604.013
7971713.001
7971763.011
7971807.001
7971840.011
7971885.001
7971955.011
7972088.003
7972097.006
7972098.016
7972141.013
7972148.003
7972181.006
7972182.016
7972210.006
7972211.016
7972223.006
7972224.016
7972227.006
7972228.016
7972280.013
7972372.001
7972420.011
7972422.001
7972423.011
7972441.001
7972466.011
7972478.001
7972511.011
7972552.001
7972583.011
7972584.001
7972610.011
7972652.001
7972691.011
7972695.001
7972705.011
7972907.002
7972914.012
7972997.003
7973116.013
7973186.003
7973208.013
7973219.003
7973223.013
7973227.003
7973231.013
7973312.001
7973370.011
7973527.003
7973531.013
7973554.003
7973688.013
7973864.002
7973873.012
7973879.002
7973933.012
7973937.002
7973939.012
7974032.003
7974086.013
7978376.102
7982515.001
7982542.011
7982811.003
7982812.023
7982832.033
7982833.006
7982834.016
7982864.006
7982865.016
7982915.013
7986710.101
7986755.003
7986814.013
7987367.003
7987413.013
7988693.003
7988730.013
7988880.001
3
24
17
3
25
17
M016
k
1
8
12
42
50
0
00
00
250
7
800
0
0
0
0
0
0
7988881.021
7988901.031
7988994.011
7992254.001
7992288.011
7992547.003
7992643.013
7992643.102
7992692.003
7992693.023
7992706.006
7992707.016
7992713.033
7992715.006
7992716.016
7992719.006
7992720.016
7992722.006
7992723.016
7992724.006
7992725.016
7992764.006
7992765.016
7992785.013
7994742.101
7997709.003
7997750.013
7998013.001
7998014.021
7998034.031
7998110.011
8001904.101
8005264.001
8005265.021
8005285.031
8005359.011
8007022.001
8007048.011
8007298.003
8007320.013
8016275.001
8016291.011
8016354.001
8016377.011
8016520.003
8016548.013
8016588.003
8016608.013
8016694.001
8016720.011
8016835.101
8019481.001
8019482.021
8019502.031
8019584.011
8021466.001
8021498.011
8021837.003
8021897.013
8021908.003
8022006.013
8022029.003
8022045.013
8022151.001
8022217.011
8022472.003
8022491.006
8022492.016
8022507.013
8022752.001
8022778.011
8023931.101
8038837.102
8338256.001
8338257.021
8338277.031
8338360.011
8389149.101
8433125.001
8433126.021
8433146.031
8433266.011
8435326.001
8435397.011
8435571.001
8435644.011
8435864.003
8435865.023
8435885.033
8435921.006
8435922.016
8435989.013
8437910.003
8437944.013
8438202.003
8438240.013
8438422.001
8438613.011
8438621.001
8438680.011
8438707.001
8438792.011
8438874.001
8438895.011
8439205.003
8439305.013
8439321.003
8439415.006
8439416.016
8439430.006
8439431.016
8439478.013
8439670.003
8439830.006
8439831.016
8439878.013
8440057.001
8440131.011
8440140.001
8440198.011
8440232.001
8440332.011
8440373.001
8440420.011
8440428.001
8440430.011
8440637.003
8440652.013
8440823.101
8440898.003
8440934.013
8441073.001
8441074.021
8441094.031
8441184.011
8443163.102
8443664.001
8443706.011
8443874.001
8443915.011
8444299.003
8444300.023
8444320.033
8444347.006
8444348.016
8444352.006
8444353.016
8444398.013
8446754.003
8446824.013
8447313.003
8447321.013
8447331.003
8447351.006
8447352.016
8447369.006
8447370.016
8447419.013
8447554.001
8447606.011
8449142.001
8449184.011
8451609.102
8454037.101
8455776.001
8455777.021
8455797.031
8455875.011
8458134.001
8458177.011
8458500.003
8458501.023
8458521.033
8458524.006
8458525.016
8458558.006
8458559.016
8458595.013
8462150.003
8462195.013
8462370.003
8462396.013
8462595.001
8462666.011
8462914.003
8462957.013
8463773.001
8463805.011
8465381.102
8468262.001
8468308.011
8469505.001
8469531.011
8469660.003
8469661.023
8469681.033
8469727.006
8469728.016
8469775.013
8470461.101
8473174.003
8473231.013
8473539.002
8473552.012
8473559.002
8473572.012
8473713.003
8473802.013
8473843.003
8473862.006
8473863.016
8473870.006
8473871.016
8473872.006
8473873.016
8473880.006
8473881.016
8473935.013
8474075.001
8474076.021
8474096.031
8474178.011
8476591.001
8476628.011
8477128.003
8477264.013
8477268.003
8477314.013
8477460.001
8477507.011
8477654.003
8477692.006
8477693.016
8477722.006
8477723.016
8477800.013
8477903.001
8477915.102
8477982.011
8478089.001
8478115.011
8478239.001
8478278.011
8478460.003
8478461.023
8478479.006
8478480.016
8478481.033
8478492.006
8478493.016
8478508.006
8478509.016
8478523.006
8478524.016
8478543.013
8478966.101
8481202.102
8481213.003
8481214.023
8481234.033
8481346.013
8481541.001
8481542.021
8481562.031
8481632.011
8487595.102
8488356.001
8488377.011
8505711.101
8634286.001
8634287.021
8634307.031
8634384.011
8636125.001
8636237.011
8636270.001
8636292.011
8636352.001
8636377.011
8636382.001
8636392.011
8636585.003
8636586.023
8636606.033
8636640.006
8636641.016
8636675.013
8639959.003
8640016.006
8640017.016
8640083.013
8640095.003
8640126.013
8640303.001
8640433.011
8640439.001
8640554.011
8640650.001
8640674.011
8640860.003
8641023.006
8641024.016
8641033.006
8641034.016
8641061.006
8641062.016
8641075.006
8641076.016
8641137.013
8641297.001
8641535.011
8641569.001
8641654.011
8641884.003
8641962.013
8641966.003
8641994.006
8641995.016
8642012.006
8642013.016
8642074.013
8642125.003
8642189.013
8642304.001
8642385.011
8642570.001
8642605.011
8642623.001
8642659.011
8642852.003
8642896.013
8642900.003
8642908.013
8643059.003
8643100.013
8643108.003
8643114.013
8643466.003
8643496.013
8643632.001
8643672.011
8643919.001
8643932.011
8644051.003
8644091.013
8644612.001
8644644.011
8644942.003
8644956.102
8644958.023
8644966.006
8644967.016
8644976.006
8644977.016
8644978.033
8644985.006
8644986.016
8644987.006
8644988.016
8645015.006
8645016.016
8645019.006
8645020.016
8645071.013
8648100.003
8648144.013
8648454.003
8648501.013
8648511.003
8648526.013
8648796.001
8648847.011
8648902.001
8648987.011
8649251.003
8649264.006
8649265.016
8649347.013
8649478.001
8649503.011
8649689.001
8649755.011
8650104.001
8650144.011
8673010.102
8674710.101
8851719.001
8851720.021
8851740.031
8851817.011
8853614.001
8853655.011
8854019.003
8854020.023
8854040.033
8854075.006
8854076.016
8854104.013
8856295.003
8856338.013
8856499.003
8856542.013
8856699.001
8856789.011
8857354.003
8857571.013
8857614.003
8857626.006
8857627.016
8857630.006
8857631.016
8857636.006
8857637.016
8857654.006
8857655.016
8857700.013
8857828.001
8857952.011
8857986.001
8858121.011
8858347.003
8858508.013
8858550.003
8858599.013
8858729.003
8858747.013
8858865.001
8858928.011
8859271.001
8859309.011
8859449.003
8859468.006
8859469.016
8859471.006
8859472.016
8859497.006
8859498.016
8859571.006
8859572.016
8859622.013
8859874.003
8859903.013
8860283.002
8860310.012
8860397.001
8860490.011
8860762.001
8860803.011
8860947.003
8860977.006
8860978.016
8861039.006
8861040.016
8861147.006
8861148.016
8861175.013
8861178.003
8861202.013
8861408.001
8861444.011
8862143.001
8862171.011
8862340.003
8862362.013
8863529.001
8863563.011
8863707.003
8863738.013
8863813.101
8863934.003
8863967.013
8863976.003
8863985.013
8864103.001
8864104.021
8864124.031
8864229.011
8868051.001
8868137.011
8868139.001
8868140.011
8868337.001
8868377.011
8868665.003
8868724.013
8868813.003
8868865.013
8869191.001
8869244.011
8869689.003
8869715.013
8869741.003
8869748.013
8869896.003
8869908.006
8869909.016
8869913.006
8869914.016
8869938.013
8870034.001
8870063.011
8870662.001
8870705.011
8879788.001
8879818.011
8879935.003
8879967.013
8880382.003
8880400.006
8880401.016
8880421.013
8880570.001
8880600.011
8894460.001
8894493.011
8894616.003
8894644.013
8895327.101
8899375.001
8899376.021
8899396.031
8899469.011
8901345.101
8902168.001
8902169.021
8902189.031
8902277.011
8904771.001
8904827.011
8905095.001
8905143.011
8905323.003
8905437.013
8905634.003
8905666.013
8905725.102
8905814.001
8905848.011
8905974.001
8905996.011
8906172.003
8906173.023
8906189.006
8906190.016
8906193.033
8906236.006
8906237.016
8906256.013
8908430.003
8908478.013
8908590.003
8908644.013
8908795.001
8908828.011
8909906.101
8911919.102
8915878.003
8915879.023
8915895.006
8915896.016
8915899.033
8915924.006
8915925.016
8915986.013
8918640.003
8918680.013
8918685.003
8918689.013
8918985.001
8918986.021
8919006.031
8919089.011
8919924.001
8919950.011
8927510.001
8927539.011
8930029.101
8931904.001
8931905.021
8931925.031
8931999.011
8939195.001
8939214.011
8939242.001
8939254.011
8939414.003
8939446.013
8939470.003
8939489.013
8943628.001
8943667.011
8943773.001
8943802.011
8943945.003
8943974.013
8943989.003
8944003.013
8944025.003
8944059.013
8944214.001
8944241.011
8948867.003
8948909.006
8948910.016
8948916.006
8948917.016
8948940.006
8948941.016
8948985.013
8949072.001
8949095.011
8951975.102
8952779.001
8952805.011
8955768.003
8955769.023
8955781.006
8955782.016
8955785.006
8955786.016
8955789.033
8955791.006
8955792.016
8955835.006
8955836.016
8955859.013
8959010.003
8959077.013
8962479.102
8962564.001
8962615.011
8962979.002
8962992.012
8963230.001
8963274.011
8964566.101
8967913.001
8967914.021
8967934.031
8967998.011
8969821.101
8978106.001
8978107.021
8978127.031
8978207.011
8979632.001
8979654.011
8980913.003
8980914.023
8980934.033
8980979.006
8980980.016
8981011.013
8983640.003
8983675.013
8983960.001
8983997.011
8989537.102
8991517.003
8991518.023
8991538.033
8991564.006
8991565.016
8991568.006
8991569.016
8991623.013
8992862.102
8993777.003
8993778.023
8993798.033
8993836.006
8993837.016
8993839.006
8993840.016
8993841.006
8993842.016
8993888.013
8994128.101
8995084.001
8995085.021
8995105.031
8995173.011
9001651.102
9003685.001
9003716.011
9003956.003
9003957.023
9003969.006
9003970.016
9003977.033
9004011.006
9004012.016
9004015.006
9004016.016
9004041.013
9004596.101
9009713.001
9009714.021
9009734.031
9009800.011
9011785.101
9015091.003
9015128.013
9019470.102
9021395.001
9021396.021
9021416.031
9021479.011
9022512.001
9022540.011
9034866.001
9034914.011
9042362.101
9045393.002
9045406.012
9045411.002
9045430.012
9045518.001
9045519.021
9045539.031
9045611.011
9047553.001
9047607.011
9047770.003
9047771.023
9047791.033
9047831.006
9047832.016
9047836.006
9047837.016
9047862.013
9061185.101
9061619.003
9061647.013
9061670.003
9061679.006
9061680.016
9061726.013
9061824.001
9061825.021
9061845.031
9061911.011
9066358.001
9066395.011
9066537.003
9066556.013
9066587.003
9066612.013
9073683.001
9073706.011
9073711.001
9073738.011
9073914.003
9073940.013
9080098.001
9080127.011
9080566.101
9096929.102
9100595.003
9100596.023
9100616.033
9100641.006
9100642.016
9100647.006
9100648.016
9100678.013
9106772.003
9106802.013
9108266.001
9108267.021
9108287.031
9108368.011
9114089.101
9114933.001
9114934.021
9114954.031
9115051.011
9115817.001
9115904.011
9127987.003
9128108.013
9128407.001
9128584.011
9130467.003
9130484.013
9130593.101
9131674.001
9131675.021
9131695.031
9131771.011
9132088.102
9138041.001
9138058.011
9138268.001
9138296.011
9142968.101
9147516.001
9147517.021
9147537.031
9147649.011
3
24
17
3
25
17
M016
k
1
8
12
42
50
0
00
00
250
7
166
0
0
0
0
0
0
9149237.001
9149281.011
9149289.001
9149291.011
9152367.002
9152372.012
9152385.002
9152391.012
9152398.002
9152405.012
9152475.001
9152490.011
9152554.001
9152597.011
9153335.001
9153354.011
9155722.003
9155723.023
9155741.006
9155742.016
9155743.033
9155781.006
9155782.016
9155810.013
9155827.003
9155845.013
9158036.003
9158074.013
9165764.003
9165791.013
9165892.001
9165931.011
9165985.001
9166013.011
9166777.102
9170735.101
9179075.001
9179076.021
9179096.031
9179181.011
9181711.001
9181746.011
9182082.003
9182083.023
9182093.006
9182094.016
9182103.033
9182139.006
9182140.016
9182170.013
9184066.003
9184094.013
9184423.001
9184454.011
9184734.101
9186595.002
9186610.012
9186622.002
9186629.012
9186735.003
9186750.013
9186898.001
9186899.021
9186919.031
9186998.011
9189393.101
9192199.102
9208206.001
9208207.021
9208227.031
9208309.011
9215168.001
9215184.011
9215221.001
9215255.011
9215365.003
9215366.023
9215386.033
9215436.006
9215437.016
9215474.013
9216937.003
9217026.013
9220533.102
9227789.001
9227804.011
9227844.001
9227858.011
9228002.003
9228003.023
9228015.006
9228016.016
9228023.033
9228024.006
9228025.016
9228056.006
9228057.016
9228173.006
9228174.016
9228189.013
9228501.101
9232128.102
9238455.003
9238456.023
9238476.033
9238524.006
9238525.016
9238559.013
9240392.003
9240418.013
9240472.102
9241239.002
9241254.012
9241262.002
9241277.012
9241280.002
9241310.012
9241347.002
9241354.012
9241446.001
9241447.021
9241467.031
9241574.011
9242689.001
9242694.011
9242699.001
9242729.011
9242916.003
9242917.023
9242934.006
9242935.016
9242937.033
9242977.006
9242978.016
9242982.006
9242983.016
9243027.013
9245519.101
9252576.001
9252577.021
9252597.031
9252678.011
9264366.001
9264380.011
9264561.003
9264592.013
9264715.001
9264744.011
9264783.101
9264875.001
9264876.021
9264896.031
9264974.011
9266302.001
9266351.011
9271388.101
9272680.002
9272715.012
9272719.002
9272742.012
9272951.001
9272952.021
9272972.031
9273035.011
9280754.101
9283034.051
3
24
17
3
25
17
M016
k
1
8
12
42
50
0
00
00
250
7
117
0
0
0
0
0
0
9283035.111
9288250.001
9288271.011
9288312.001
9288344.011
9288452.001
9288499.011
9289312.001
9289329.011
9289347.001
9289361.011
9289368.001
9289370.011
9289508.001
9289548.011
9289652.001
9289676.011
9289678.001
9289687.011
9289891.001
9289938.011
9309243.003
9309250.013
9309286.003
9309313.013
9309434.001
9309468.011
9309564.001
9309603.011
9314815.001
9314882.011
9315163.003
9315190.013
9315309.001
9315327.011
9315386.001
9315411.011
9315464.001
9315495.011
9319735.003
9319766.013
9319786.003
9319823.013
9319850.003
9319857.013
9319963.001
9320028.011
9320046.001
9320118.011
9327067.002
9327095.012
9327163.001
9327182.011
9327236.001
9327238.011
9375108.001
9375151.011
9375370.003
9375406.013
9810079.001
9810167.011
9810474.003
9810549.013
9811348.001
9811394.011
9840077.001
9840103.011
9841384.001
9841437.011
9841645.003
9841700.013
9842218.003
9842251.013
9842472.001
9842499.011
9844748.002
9844778.012
9845250.001
9845279.011
9845502.003
9845507.013
9863422.001
9863448.011
9866329.003
9866348.013
9868177.001
9868200.011
9869079.001
9869103.011
9881280.002
9881322.012
9881325.002
9881399.012
9881403.002
9881412.012
9881536.003
9881601.013
9882148.001
9882176.011
9883772.001
9883787.011
9890365.001
9890395.011
9919482.001
9919529.011
9919853.003
9919881.013
9930766.001
9930798.011
9940561.001
9940602.011
9940785.003
9940802.013
9952855.001
9952892.011
9976899.001
9976923.011
3
25
17
3
25
17
M016
k
1
8
16
26
59
0
00
00
250
7
800
0
0
0
0
0
0
343.004
12554.001
12586.011
25366.001
25408.011
25550.003
25578.013
138121.001
138184.011
138394.003
138527.013
138538.003
138591.013
138705.001
138840.011
139051.003
139078.013
291676.001
291745.011
291912.003
292061.013
292191.003
292212.013
445291.001
445369.011
445517.003
445553.006
445554.016
445586.013
528862.001
528960.011
529166.003
529207.013
529258.003
529320.013
529716.001
529745.011
532827.001
532861.011
533004.003
533015.006
533016.016
533046.013
596384.001
596450.011
596597.003
596634.013
613065.001
613175.011
613340.003
613374.013
738075.042
738075.1
360
1
80
1
0.006944
738075.11
739895.101
740303.001
740304.021
740324.031
740406.011
742787.001
742848.011
743288.001
743324.011
743717.003
743820.013
743991.003
744023.006
744024.016
744077.013
744310.001
744441.011
745031.003
745054.006
745055.016
745137.013
745147.003
745177.013
745300.001
745350.011
745715.001
745743.011
746391.001
746430.011
746698.003
746737.013
746889.003
746917.013
747010.001
747043.011
749172.001
749226.011
749537.001
749598.011
750098.001
750126.011
750267.003
750320.006
750321.016
750369.013
750374.003
750379.013
750828.001
750855.011
756987.001
757016.011
757193.003
757215.013
761073.101
761671.001
761672.021
761692.031
761793.011
765152.001
765205.011
765637.001
765681.011
766044.001
766111.011
766328.001
766362.011
766515.003
766621.013
766623.003
766649.013
766952.001
766994.011
768640.101
769670.001
769671.021
769691.031
769765.011
773357.001
773402.011
773761.001
773797.011
774182.003
774344.013
774600.001
774666.011
774689.001
774720.011
774976.003
774981.013
775254.001
775277.011
776268.001
776298.011
778497.003
778537.006
778538.016
778560.013
778568.003
778589.013
782334.001
782365.011
789647.001
789710.011
789858.003
789882.013
791309.001
791335.011
791479.003
791553.006
791554.016
791563.006
791564.016
791577.006
791578.016
791601.006
791602.016
791639.006
791640.016
791665.013
791835.001
791889.011
793053.102
797025.001
797056.011
802855.003
802856.023
802868.006
802869.016
802875.006
802876.016
802876.033
802881.006
802882.016
802899.006
802900.016
802959.013
806922.003
806989.013
807185.003
807204.006
807205.016
807218.006
807219.016
807249.013
807416.001
807506.011
807885.001
807900.011
808965.001
808993.011
809133.003
809168.006
809169.016
809177.013
810395.003
810421.006
810422.016
810440.006
810441.016
810443.006
810444.016
810448.006
810449.016
810461.006
810462.016
810514.006
810515.016
810517.006
810518.016
810610.013
810739.003
810752.013
810861.001
810893.011
812169.001
812195.011
815885.001
815912.011
816051.003
816058.006
816059.016
816062.006
816063.016
816108.013
816206.001
816230.011
818479.001
818500.011
818624.003
818653.013
818822.003
818850.013
818978.001
819000.011
823473.102
823683.001
823715.011
823924.003
823925.023
823941.006
823942.016
823945.033
823991.006
823992.016
824016.006
824017.016
824040.013
827733.003
827768.013
828041.003
828072.013
828108.003
828136.013
828763.001
828806.011
829123.003
829150.013
829181.003
829197.006
829198.016
829202.006
829203.016
829208.006
829209.016
829228.006
829229.016
829265.006
829266.016
829329.013
831338.001
831360.011
831505.002
831513.012
831742.002
831786.012
831792.002
831801.012
831902.001
831915.011
832129.001
832150.011
832153.001
832158.011
834210.102
835244.001
835267.011
835430.003
835431.023
835451.033
835484.006
835485.016
835500.102
835502.023
835522.033
835523.013
835560.006
835561.016
835568.006
835569.016
836482.003
836543.013
836899.102
844401.003
844402.023
844419.006
844420.016
844422.033
844426.006
844427.016
844455.006
844456.016
844494.013
847535.003
847581.013
847859.003
847895.013
848285.001
848317.011
851077.102
853261.001
853291.011
853411.003
853412.023
853424.006
853425.016
853432.033
853509.013
857476.003
857516.013
859080.102
860695.001
860724.011
860829.003
860830.023
860836.006
860837.016
860850.033
860878.006
860879.016
860884.006
860885.016
860920.013
864516.003
864570.013
864769.003
864789.013
876799.102
887884.101
927543.001
927544.021
927564.031
927665.011
930060.001
930082.011
930608.003
930609.023
930629.033
930663.006
930664.016
930703.013
933822.003
933835.013
933843.003
933898.013
934149.001
934227.011
934249.001
934265.011
934490.003
934548.013
934552.003
934602.013
934609.003
934624.006
934625.016
934661.013
934696.003
934708.006
934709.016
934716.006
934717.016
934766.013
934907.001
934980.011
935025.001
935093.011
935122.001
935124.011
935572.003
935649.006
935650.016
935761.013
935913.001
935976.011
936022.001
936113.011
936116.001
936121.011
936436.003
936467.013
936986.001
936997.102
937015.011
937138.003
937139.023
937149.006
937150.016
937156.006
937157.016
937159.033
937188.006
937189.016
937226.013
937901.102
941135.003
941136.023
941156.033
941187.006
941188.016
941230.013
944210.003
944248.013
944671.003
944697.013
944952.003
944980.013
944981.003
944996.006
944997.016
945046.013
945254.001
945296.011
948866.001
948896.011
949094.003
949193.013
949203.003
949220.006
949221.016
949226.006
949227.016
949235.006
949236.016
949316.013
949552.001
949587.011
951833.102
955807.101
1033239.001
1033240.021
1033260.031
1033327.011
1036448.001
1036482.011
1036756.001
1036806.011
1037034.003
1037035.023
1037055.033
1037093.006
1037094.016
1037126.013
1041030.003
1041070.013
1041135.003
1041165.013
1041337.003
1041375.013
1041384.003
1041404.013
1041573.001
1041669.011
1041907.003
1041984.013
1041993.003
1042018.006
1042019.016
1042022.006
1042023.016
1042029.006
1042030.016
1042039.006
1042040.016
1042108.006
1042109.016
1042150.013
1042288.002
1042297.012
1042374.003
1042454.013
1042457.003
1042460.013
1042461.003
1042465.013
1042477.003
1042506.013
1042519.003
1042544.006
1042545.016
1042567.006
1042568.016
1042579.006
1042580.016
1042600.013
1042763.001
1042845.011
1043176.001
1043217.011
1043365.003
1043393.013
1043771.003
1043819.013
1043873.003
1043895.013
1044041.001
1044092.011
1044516.003
1044586.013
1044595.003
1044606.006
1044607.016
1044616.006
1044617.016
1044692.013
1044695.003
1044710.013
1044843.001
1044897.011
1045617.001
1045647.011
1045793.003
1045839.013
1046512.101
1046847.102
1047282.001
1047283.021
1047303.031
1047384.011
1052944.001
1053045.011
1053776.001
1053812.011
1054022.003
1054023.023
1054043.033
1054113.013
1057220.003
1057259.013
1057678.003
1057698.013
1059822.102
1079483.101
1173600.001
1173601.021
1173621.031
1173718.011
1175995.001
1176035.011
1176389.003
1176390.023
1176410.033
1176438.006
1176439.016
1176443.006
1176444.016
1176481.006
1176482.016
1176496.013
1179216.003
1179254.013
1179495.003
1179524.013
1179677.003
1179711.013
1179912.001
1179985.011
1180335.102
1180377.003
1180378.023
1180398.033
1180422.006
1180423.016
1180465.013
1183690.003
1183770.013
1184099.001
1184151.011
1186125.001
1186173.011
1186175.001
1186181.011
1186279.102
1186372.003
1186373.023
1186387.006
1186388.016
1186393.033
1186432.006
1186433.016
1186437.006
1186438.016
1186475.013
1188041.102
1189360.003
1189361.023
1189381.033
1189414.006
1189415.016
1189446.013
1191078.003
1191112.013
1191903.102
1196182.101
1335536.001
1335537.021
1335557.031
1335647.011
1337592.001
1337686.011
1337882.003
1337883.023
1337903.033
1337937.006
1337938.016
1337949.006
1337950.016
1337979.013
1340686.003
1340723.013
1340847.003
1340901.013
1341225.001
1341315.011
1341541.003
1341611.013
1341656.003
1341704.006
1341705.016
1341720.013
1341728.003
1341734.013
1341871.001
1341906.011
1342189.102
1343704.001
1343746.011
1343887.003
1343888.023
1343902.006
1343903.016
1343908.033
1343938.006
1343939.016
1344003.013
1346423.003
1346523.013
1346756.001
1346790.011
1348628.001
1348655.011
1348765.003
1348783.006
1348784.016
1348815.013
1349982.001
1350028.011
1350130.003
1350160.013
1350181.003
1350194.013
1351484.003
1351506.013
1354037.001
1354082.011
1354212.003
1354244.013
1354250.003
1354257.013
1354354.003
1354396.013
1354398.003
1354410.013
1354596.001
1354607.011
1356352.102
1357190.001
1357223.011
1357385.003
1357386.023
1357406.033
1357408.006
1357409.016
1357453.006
1357454.016
1357464.006
1357465.016
1357479.013
1360786.003
1360821.013
1361050.001
1361083.011
1365829.001
1365860.011
1365964.003
1365994.013
1365997.003
1366002.013
1366027.003
1366056.013
1367101.102
1379763.101
1381680.001
1381681.021
1381701.031
1381791.011
1384022.001
1384066.011
1384429.003
1384430.023
1384450.033
1384502.006
1384503.016
1384519.013
1384809.102
1387081.003
1387082.023
1387102.033
1387141.006
1387142.016
1387171.013
1387591.102
1390584.003
1390585.023
1390605.033
1390656.006
1390657.016
1390669.006
1390670.016
1390693.013
1392158.102
1411489.101
1462121.001
1462122.021
1462142.031
1462276.011
1465210.001
1465245.011
1465524.003
1465525.023
1465545.033
1465583.006
1465584.016
1465586.006
1465587.016
1465613.013
1466427.102
1467917.003
1467918.023
1467938.033
1467977.006
1467978.016
1468011.013
1470645.003
1470715.013
1471110.003
1471128.013
1471261.001
1471310.011
1471795.003
1471824.013
1478431.102
1546951.101
1580996.001
1580997.021
1581017.031
1581074.011
1582843.001
1582868.011
1583055.003
1583056.023
1583076.033
