3
24
17
3
25
17
M012
k
1
4
12
42
49
0
00
00
250
7
800
0
0
0
0
0
0
3522920.049
3522920.111
3522920.027
3523683.003
3523707.013
3523713.003
3523764.013
3524862.002
3524926.012
3530579.003
3530610.013
3531570.003
3531577.013
3531591.003
3531594.013
3531791.003
3531800.013
3531802.003
3531842.013
3531859.003
3531876.013
3531969.002
3531982.012
3532069.001
3532123.011
3532136.001
3532138.011
3532139.001
3532145.011
3532304.003
3532310.013
3532329.003
3532404.013
3532406.003
3532412.013
3541106.003
3541135.013
3552968.003
3553002.013
3553252.001
3553296.011
3553308.001
3553340.011
3553433.001
3553587.011
3571511.002
3571529.012
3572285.003
3572323.013
3599703.003
3599741.013
3615756.002
3615777.012
3615803.002
3615835.012
3615978.001
3616030.011
3616069.001
3616110.011
3616288.003
3616326.013
3616340.003
3616378.013
3616388.003
3616434.013
3616878.003
3616900.013
3616913.003
3616918.013
3618996.002
3619033.012
3619053.002
3619149.012
3619161.002
3619171.012
3619174.002
3619180.012
3623677.003
3623718.013
3628419.002
3628434.012
3628743.002
3628753.012
3629054.001
3629091.011
3629177.001
3629211.011
3629397.003
3629438.013
3629655.003
3629678.013
3629721.003
3629731.013
3629898.001
3629915.011
3629975.001
3629996.011
3630183.003
3630208.013
3630678.002
3630707.012
3653715.003
3653735.013
3660738.003
3660749.013
3661003.001
3661004.011
3661005.001
3661007.011
3679068.003
3679083.013
3679578.001
3679605.011
3691822.003
3691826.013
3731167.003
3731192.013
3732453.003
3732479.013
3732759.001
3732785.011
3732885.001
3732896.011
3732929.001
3732987.011
3733097.001
3733103.011
3733122.001
3733158.011
3735604.003
3735633.013
3751377.003
3751394.013
3763407.003
3763419.013
3763857.001
3763894.011
3763963.001
3764105.011
3764518.003
3764585.013
3765362.003
3765379.013
3765771.002
3765776.012
3771899.003
3771960.013
3772125.003
3772208.013
3772307.003
3772316.013
3772550.003
3772578.013
3772587.003
3772597.013
3772599.003
3772601.013
3772603.003
3772604.013
3773489.002
3773522.012
3774269.003
3774308.013
3774327.003
3774377.013
3775559.002
3775782.012
3776456.003
3776487.013
3804828.003
3804865.013
3805262.001
3805264.011
3805340.001
3805430.011
3811530.003
3811595.013
3812676.003
3812714.013
3813837.001
3813840.011
3814186.003
3814219.013
3816816.003
3816863.013
3921399.003
3921422.013
4062964.049
4062964.027
5980893.003
5980930.013
5981264.001
5981339.011
5986944.003
5986976.013
6911079.001
6911103.011
6911262.003
6911290.013
6932096.003
6932135.013
6932306.001
6932346.011
6960023.003
6960038.013
7696351.001
7696399.011
7696614.003
7696699.013
7696874.003
7696876.013
7697217.001
7697255.011
7698921.003
7698944.013
7707710.003
7707743.013
7707932.003
7707933.013
7708155.001
7708187.011
7715732.003
7715742.013
7715748.003
7715752.013
7751519.003
7751572.013
7751919.001
7751980.011
7752056.001
7752069.011
7752094.001
7752115.011
7767111.003
7767138.013
7843036.041
7843038.059
7843038.037
7846241.003
7846293.013
7846531.001
7846582.011
7846614.001
7846902.011
7847106.003
7847167.013
7847168.003
7847190.013
7847245.003
7847284.013
7847330.003
7847364.013
7847538.002
7847562.012
7847660.001
7847701.011
7847944.003
7847978.013
7849433.101
7849914.001
7849915.021
7849935.031
7850048.011
7852524.102
7852692.001
7852789.011
7853810.003
7853811.023
7853831.033
7853946.013
7856449.003
7856545.013
7857281.003
7857298.013
7858779.003
7858854.013
7859385.001
7859511.011
7859993.003
7860058.013
7860696.001
7860780.011
7861159.003
7861206.013
7861217.102
7883228.101
8189429.003
8189430.023
8189450.033
8189536.013
8191586.003
8191619.013
8192184.003
8192204.013
8192700.001
8192701.021
8192721.031
8192817.011
8194454.001
8194536.011
8194537.102
8195201.001
8195251.011
8195779.003
8195780.023
8195800.033
8195883.013
8197572.003
8197676.013
8198088.003
8198103.013
8199389.003
8199446.013
8200018.001
8200063.011
8200706.003
8200799.013
8200959.003
8200982.013
8201284.001
8201337.011
8201855.102
8202396.003
8202397.023
8202417.033
8202510.013
8204728.003
8204835.013
8206345.003
8206416.013
8206791.003
8206834.013
8207089.003
8207119.013
8207464.002
8207488.012
8207686.001
8207753.011
8207833.001
8207870.011
8207878.001
8207883.011
8208225.003
8208280.013
8209081.003
8209125.013
8209135.003
8209138.013
8209314.001
8209351.011
8209771.003
8209803.013
8210239.001
8210295.011
8213849.003
8213945.013
8214365.001
8214469.011
8216188.003
8216222.013
8216720.001
8216756.011
8218249.102
8218604.003
8218605.023
8218625.033
8218753.013
8221911.003
8221952.013
8222174.102
8224654.003
8224655.023
8224675.033
8224762.013
8227690.003
8227764.013
8229819.102
8232245.003
8232246.023
8232266.033
8232363.013
8234857.003
8234991.013
8235904.003
8235929.013
8236442.001
8236481.011
8236523.001
8236528.011
8236550.001
8236586.011
8241617.101
8249243.102
8286607.003
8286608.023
8286628.033
8286723.013
8289478.003
8289497.013
8290091.003
8290117.013
8290536.001
8290537.021
8290557.031
8290642.011
8292862.001
8292962.011
8293342.001
8293401.011
8293416.001
8293439.011
8293908.003
8293965.013
8294570.001
8294627.011
8299059.101
8306411.102
8556387.003
8556388.023
8556408.033
8556495.013
8558679.003
8558754.013
8558954.003
8558991.013
8559437.001
8559438.021
8559458.031
8559535.011
8562016.001
8562058.011
8563241.001
8563260.011
8563822.003
8563880.013
8564113.002
8564117.012
8564353.001
8564461.011
8565080.003
8565140.013
8566821.003
8566852.013
8567962.101
8568295.003
8568313.013
8568647.001
8568648.021
8568668.031
8568761.011
8571905.001
8571942.011
8572680.001
8572714.011
8574718.101
8575207.003
8575288.013
8575694.001
8575695.021
8575715.031
8575798.011
8577972.001
8578032.011
8579914.003
8579952.013
8580374.001
8580433.011
8582600.102
8585525.003
8585526.023
8585546.033
8585649.013
8588475.003
8588484.013
8589307.001
8589457.011
8589876.003
8589939.013
8590668.003
8590713.013
8590934.001
8590975.011
8593758.003
8593814.013
8594368.001
8594393.011
8594874.101
8597341.003
8597359.013
8597387.003
8597400.013
8597468.003
8597494.013
8597717.001
8597718.021
8597738.031
8597839.011
8598055.102
8601559.001
8601599.011
8601635.001
8601659.011
8601671.001
8601690.011
8607067.003
8607068.023
8607088.033
8607179.013
8608262.101
8611361.003
8611431.013
8611834.001
8611835.021
8611855.031
8611959.011
8615267.001
8615301.011
8619285.003
8619339.013
8619607.001
8619673.011
8619717.001
8619851.011
8622349.003
8622377.013
8622395.003
8622412.013
8623304.101
8625786.003
8625854.013
8626072.001
8626073.021
8626093.031
8626162.011
8626167.001
8626186.011
8629657.001
8629683.011
8631947.003
8631981.013
8632005.003
8632022.013
8632966.001
8633002.101
8633004.021
8633024.031
8633095.011
8636735.102
8643590.101
8646701.003
8646702.023
8646722.033
8646826.013
8649931.003
8649939.013
8650213.001
8650214.021
8650234.031
8650303.011
8653948.101
8667810.102
8911234.003
8911235.023
8911255.033
8911343.013
8912761.003
8912789.013
8912956.003
8912968.013
8913185.001
8913186.021
8913206.031
8913278.011
8915975.001
8915989.011
8916042.001
8916075.011
8916436.003
8916527.013
8918536.001
8918799.011
8918988.003
8919156.013
8919161.003
8919195.013
8919221.003
8919320.013
8919714.001
8919950.011
8919954.001
8919959.011
8920750.003
8920782.013
8920811.102
8922274.003
8922275.023
8922276.013
8922278.003
8922295.033
8922398.013
8923998.003
8924064.013
8924437.003
8924459.013
8928614.002
8928630.012
8928786.001
8928842.011
8928885.001
8929084.011
8929269.003
8929370.013
8929371.003
8929386.013
8929441.003
8929517.013
8929733.003
8929771.013
8930239.001
8930501.011
8930823.003
8930917.013
8931391.002
8931409.012
8931542.001
8931592.011
8932555.003
8932674.013
8933112.001
8933275.011
8933280.001
8933290.011
8933552.003
8933602.013
8933768.003
8933801.013
8933818.003
8933832.013
8934083.001
8934103.011
8936181.003
8936264.013
8936614.001
8936734.011
8936988.003
8937018.013
8937463.001
8937496.011
8938550.003
8938602.013
8940003.003
8940034.013
8940324.001
8940344.011
8941779.003
8941860.013
8941895.003
8941946.013
8942176.001
8942206.011
8942957.003
8942982.013
8947143.003
8947183.013
8948062.003
8948081.013
8950013.101
8950524.102
8951320.003
8951321.023
8951341.033
8951450.013
8955908.003
8956011.013
8956526.001
8956527.021
8956547.031
8956626.011
8959745.001
8959805.011
8959854.101
8960854.001
8960855.021
8960875.031
8960940.011
8964495.001
8964543.011
8964544.001
8964567.011
8964811.001
8964843.011
8965519.001
8965562.101
8965564.021
8965584.031
8965659.011
8966969.101
8968567.001
8968568.021
8968588.031
8968677.011
8969228.101
8971547.001
8971548.021
8971568.031
8971639.011
8974170.001
8974268.011
8974484.001
8974541.011
8975150.003
8975222.013
8975430.102
8975909.001
8975965.011
8976026.001
8976079.011
8976467.003
8976468.023
8976488.033
8976566.013
8978432.001
8978722.011
8978874.003
8979091.013
8979325.002
8979332.012
8979421.001
8979452.011
8985630.102
8997941.101
9027031.003
9027032.023
9027052.033
9027140.013
9028822.003
9028879.013
9029303.001
9029304.021
9029324.031
9029388.011
9030792.001
9030821.011
9031027.101
9031379.001
9031380.021
9031400.031
9031479.011
9032757.001
9032798.011
9033547.003
9033580.013
9033887.001
9034027.011
9034029.001
9034034.011
9034447.003
9034472.013
9034629.001
9034648.011
9037746.003
9037850.013
9038066.001
9038390.011
9039105.003
9039129.013
9041082.003
9041118.013
9041898.101
9041951.003
9041977.013
9042099.001
9042100.021
9042120.031
9042190.011
9043877.001
9043936.011
9051360.003
9051422.013
9051428.003
9051446.013
9051606.001
9051615.101
9051617.021
9051637.031
9051720.011
9053658.001
9053687.011
9053898.102
9058835.003
9058836.023
9058856.033
9058936.013
9060550.003
9060581.013
9060917.001
9061178.011
9061385.003
9061421.013
9061422.003
3
24
17
3
25
17
M012
k
1
4
12
42
49
0
00
00
250
7
218
0
0
0
0
0
0
9061439.013
9061787.101
9061788.001
9061789.021
9061809.031
9061901.011
9063030.001
9063053.011
9064746.102
9065983.003
9065984.023
9066004.033
9066083.013
9067707.003
9067771.013
9068065.001
9068296.011
9070942.102
9071338.003
9071339.023
9071359.033
9071436.013
9072881.003
9072909.013
9073127.001
9073446.011
9075082.003
9075118.013
9075255.001
9075275.011
9075967.003
9075985.013
9075999.003
9076007.013
9077097.003
9077120.013
9077219.001
9077241.102
9077250.011
9077272.001
9077289.011
9079034.003
9079035.023
9079055.033
9079137.013
9083386.102
9086955.003
9086956.023
9086976.033
9087072.013
9091614.003
9091662.013
9092986.003
9093011.013
9093146.003
9093160.013
9093201.003
9093228.013
9093331.001
9093371.011
9093389.001
9093577.011
9095440.003
9095464.013
9097725.003
9097750.013
9097881.001
9097904.011
9097958.001
9097991.011
9098006.001
9098022.011
9098028.001
9098035.011
9099305.101
9100353.003
9100366.013
9104706.003
9104721.013
9105103.001
9105104.021
9105124.031
9105228.011
9105713.102
9115258.003
9115259.023
9115279.033
9115364.013
9119643.003
9119675.013
9119716.003
9119734.013
9119823.001
9119855.011
9119874.001
9119891.011
9119955.001
9119990.011
9121857.003
9121861.013
9121869.003
9121880.013
9122916.003
9122938.013
9126394.003
9126403.013
9126588.101
9128028.102
9128127.003
9128128.023
9128148.033
9128222.013
9131077.102
9131221.001
9131222.021
9131242.031
9131311.011
9136161.101
9136337.003
9136338.023
9136358.033
9136422.013
9146566.003
9146596.013
9148236.002
9148480.012
9148501.002
9148503.012
9148730.003
9148753.013
9149143.001
9149144.021
9149164.031
9149266.011
9149813.102
9150817.001
9150969.011
9151863.003
9151864.023
9151884.033
9151965.013
9155185.102
9156154.101
9159355.003
9159356.023
9159376.033
9159445.013
9160106.102
9160338.003
9160339.023
9160359.033
9160442.013
9160857.102
9166199.003
9166200.023
9166220.033
9166310.013
9174881.102
9178450.001
9178451.021
9178457.011
9178459.001
9178471.031
9178541.011
9182671.003
9182672.023
9182692.033
9182752.013
9188233.102
9188914.003
9188915.023
9188920.013
9188935.033
9188949.003
9189045.013
9189198.001
9189233.011
9196537.003
9196547.013
9205278.101
9207389.102
9212437.003
9212438.023
9212458.033
9212550.013
9213818.102
9218446.001
9218447.021
9218467.031
9218539.011
9225882.003
9225883.023
9225903.033
9225984.013
9228057.101
9230281.003
9230290.013
9233668.003
9233678.013
9241227.102
9250028.003
9250029.023
9250049.033
9250121.013
9257974.102
9262129.003
9262130.013
9262130.023
9262138.003
9262150.033
9262233.013
9271937.003
9271964.013
9272079.001
9272080.021
9272100.031
9272180.011
9283034.051
3
24
17
3
25
17
M012
k
1
4
12
42
49
0
00
00
250
7
150
0
0
0
0
0
0
9291054.003
9291065.013
9295572.001
9295577.011
9295592.001
9295613.011
9300902.003
9300919.013
9300976.003
9301004.013
9301100.001
9301118.011
9309046.003
9309048.013
9338688.003
9338717.013
9338863.002
9339026.012
9339399.001
9339413.011
9373957.003
9373995.013
9380001.003
9380023.013
9380135.001
9380177.011
9385096.003
9385114.013
9385220.001
9385237.011
9386254.003
9386280.013
9402470.003
9402480.013
9431376.003
9431400.013
9436814.001
9436828.011
9504877.003
9504906.013
9505115.001
9505339.011
9508973.001
9509002.011
9509806.003
9509830.013
9511380.003
9511384.013
9530248.003
9530266.013
9543215.003
9543234.013
9556495.003
9556506.013
9556618.001
9556625.011
9579885.003
9579902.013
9600068.003
9600103.013
9611364.001
9611395.011
9634890.003
9634904.013
9643161.003
9643184.013
9653255.002
9653269.012
9679214.003
9679239.013
9701586.001
9701593.011
9703799.001
9703814.011
9712542.003
9712556.013
9722281.002
9722300.012
9722321.002
9722367.012
9722493.001
9722514.011
9792438.003
9792473.013
9795963.003
9795983.013
9796125.001
9796151.011
9801647.003
9801684.013
9801809.001
9801815.011
9801834.001
9801843.011
9808462.003
9808483.013
9819481.003
9819510.013
9832921.003
9832944.013
9840966.003
9841004.013
9848788.003
9848796.013
9848799.003
9848822.013
9849016.002
9849103.012
9849114.002
9849133.012
9853783.003
9853809.013
9858843.003
9858878.013
9860467.002
9860484.012
9864628.003
9864656.013
9871040.003
9871062.013
9871270.003
9871296.013
9873925.003
9873950.013
9877447.003
9877463.013
9877475.003
9877485.013
9882515.003
9882531.013
9886511.003
9886528.013
9894947.003
9894957.013
9910760.003
9910804.013
9910939.001
9910966.011
9915559.003
9915574.013
9930044.003
9930048.013
9930066.003
9930088.013
9959496.003
9959509.013
9966712.003
9966746.013
9972466.003
9972487.013
3
25
17
3
25
17
M012
k
1
4
16
26
58
0
00
00
250
7
800
0
0
0
0
0
0
275.004
275.006
6551.003
6568.013
10598.002
10608.012
14978.003
15004.013
22048.003
22078.013
28528.003
28550.013
49062.003
49095.013
79205.003
79236.013
83052.003
83081.013
83221.001
83252.011
83884.003
83889.013
83891.003
83904.013
91756.003
91779.013
97582.003
97610.013
107312.003
107347.013
112763.003
112780.013
139708.003
139743.013
139900.001
139944.011
151008.003
151030.013
153630.003
153655.013
176242.003
176295.013
183493.003
183548.013
183839.002
183904.012
194960.003
194984.013
210298.003
210328.013
210497.001
210537.011
213453.003
213479.013
237639.003
237660.013
263895.003
263944.013
264213.001
264250.011
264307.001
264520.011
272562.003
272604.013
274386.002
274718.012
274736.002
274739.012
274965.002
275195.012
275358.003
275385.013
275709.001
275748.011
285671.003
285706.013
290963.003
290985.013
300212.003
300230.013
318217.003
318250.013
318390.001
318410.011
321593.003
321656.013
328270.003
328303.013
338131.003
338183.013
338317.001
338363.011
343543.003
343570.013
345552.003
345578.013
346505.003
346526.013
346631.001
346648.011
351349.003
351371.013
355788.003
355819.013
355943.001
355977.011
363081.003
363120.013
367162.003
367195.013
367223.003
367245.013
367344.001
367380.011
367956.003
367979.013
372137.003
372169.013
378132.003
378166.013
378270.001
378292.011
386607.003
386641.013
388786.003
388804.013
390519.003
390550.013
398001.003
398024.013
402477.003
402521.013
409951.003
410052.013
410215.002
410261.012
410358.001
410368.011
416290.003
416318.013
423107.003
423129.013
428972.001
428990.011
434600.003
434632.013
434787.001
434825.011
438030.003
438048.013
443332.003
443355.013
444097.001
444115.011
446756.003
446782.013
446872.001
446877.011
451164.003
451227.013
451344.001
451382.011
457559.003
457582.013
457693.001
457723.011
467127.003
467153.013
467302.001
467309.011
471141.003
471162.013
471682.003
471696.013
471834.001
471851.011
473726.003
473753.013
480545.003
480569.013
486801.003
486846.013
486960.001
486979.011
491280.003
491300.013
492252.003
492278.013
493531.003
493558.013
494448.003
494478.013
494487.003
494500.013
494569.003
494573.013
494773.002
494788.012
505318.003
505341.013
513796.003
513853.013
516276.003
516301.013
519076.003
519102.013
527305.003
527337.013
537600.003
537623.013
549241.003
549265.013
555211.003
555231.013
555338.001
555370.011
558771.003
558789.013
564942.003
564986.013
565108.001
565168.011
619968.003
620052.013
620414.001
620477.011
620515.001
620712.011
620947.003
620975.013
621382.001
621415.011
628222.003
628280.013
629152.001
629210.011
629525.001
629565.011
629997.003
630031.013
648500.003
648573.013
648719.003
648732.013
648948.001
649058.011
653613.003
653662.013
653784.002
653791.012
658196.003
658316.013
659874.003
659876.013
659908.003
659945.013
660182.001
660193.011
665091.003
665116.013
665237.001
665274.011
667505.003
667586.013
667710.001
667749.011
670675.003
670722.013
670899.001
670927.011
672207.003
672231.013
672343.001
672381.011
675640.003
675681.013
680643.003
680671.013
681331.001
681397.011
681548.003
681576.013
685199.003
685230.013
685690.003
685708.013
685813.001
685831.011
687597.003
687628.013
687771.001
687792.011
689097.003
689124.013
689241.001
689263.011
691291.003
691313.013
694166.003
694207.013
694360.001
694402.011
697252.003
697286.013
699590.001
699610.011
699957.003
699981.013
700930.003
700989.013
701005.003
701009.013
701763.003
702047.013
702050.003
702065.013
702077.003
702082.013
702090.003
702091.013
702379.003
702466.013
705781.003
705893.013
705988.002
706018.012
706133.001
706180.011
709455.003
709483.013
712113.003
712220.013
712363.001
712428.011
713496.003
713526.013
713620.002
713693.012
717411.003
717469.013
717548.002
717553.012
717650.001
717697.011
719072.003
719272.013
719355.003
719398.013
719564.001
719587.011
726489.003
726546.013
726700.001
726740.011
726754.001
726766.011
737783.003
737851.013
737951.002
737964.012
738051.001
738075.042
738075.1
360
1
80
1
0.006944
738075.11
738095.011
738109.001
738126.011
742243.101
742859.003
742895.013
743048.001
743049.021
743069.031
743167.011
745177.001
745252.011
745842.001
745927.011
746161.003
746249.013
746281.102
746697.001
746774.011
746974.003
746975.023
746995.033
747126.013
749131.003
749264.013
749532.003
749600.013
749718.003
749747.013
749896.003
749932.013
750028.002
750050.012
750142.001
750368.011
750578.003
750659.013
750673.003
750676.013
750703.003
750735.013
751108.001
751177.011
751820.003
751909.013
752148.001
752272.011
753455.003
753551.013
753721.001
753792.011
755029.003
755119.013
755171.003
755202.013
755315.001
755379.011
755982.102
757539.003
757540.023
757560.033
757653.013
760075.003
760151.013
760440.003
760456.013
760886.001
760969.011
760979.001
760995.011
761788.003
761855.013
761904.003
761928.013
762025.003
762049.013
762180.001
762233.011
763238.003
763284.013
763324.003
763345.013
763459.001
763496.011
765043.003
765129.013
765251.001
765470.011
765475.001
765479.011
767768.003
767826.013
767869.003
767894.013
768034.001
768088.011
771046.003
771109.013
771214.001
771249.011
771321.001
771347.011
771359.001
771388.011
774398.003
774480.013
774687.001
774761.011
782965.101
799589.003
799662.013
800335.003
800365.013
801113.002
801141.012
801243.001
801244.021
801264.031
801388.011
804588.001
804632.011
805382.001
805446.011
805818.003
805911.013
806819.003
806876.013
807212.001
807270.011
807762.102
813478.101
814557.003
814558.023
814578.033
814654.013
816603.102
818533.003
818534.023
818554.033
818634.013
819735.102
822244.003
822245.023
822265.033
822354.013
825017.003
825115.013
825858.003
825920.013
826385.001
826386.021
826406.031
826489.011
828506.001
828538.011
829562.102
874739.003
874740.023
874760.033
874834.013
875274.102
876851.003
876852.023
876872.033
876957.013
877030.102
878454.003
878455.023
878475.033
878596.013
880414.003
880632.013
880842.003
880863.013
881321.001
881450.011
881722.003
881794.013
882028.003
882046.013
882263.001
882314.011
882682.001
882683.011
882779.003
882808.013
884040.003
884135.013
884337.001
884373.011
886516.003
886597.013
886840.001
886924.011
886941.001
886943.011
887539.003
887579.013
888214.003
888241.013
888370.001
888485.011
892322.003
892392.013
892591.001
892818.011
895123.003
895176.013
895316.001
895443.011
900290.102
900419.003
900420.023
900440.033
900484.102
900486.023
900506.033
900568.013
903435.003
903503.013
905633.003
906013.013
906369.003
906401.013
906694.002
906702.012
906840.001
906900.011
907058.003
907087.013
908619.102
992976.101
1143788.003
1143789.023
1143809.033
1143878.013
1145626.003
1145692.013
1146287.001
1146288.021
1146308.031
1146398.011
1147778.001
1147839.011
1148041.001
1148069.011
1148465.003
1148544.013
1148786.003
1148793.013
1149169.001
1149215.011
1149224.001
1149273.011
1149600.003
1149642.013
1150520.003
1150590.013
1150797.001
1150888.011
1153190.003
1153294.013
1153463.002
1153471.012
1153596.001
1153966.011
1153979.001
1153994.011
1154234.003
1154349.013
1154376.003
1154385.013
1154645.003
1154682.013
1154852.001
1155150.011
1155591.003
1155608.013
1156605.003
1156660.013
1157131.001
1157177.011
1157542.002
1157582.012
1157691.003
1157708.013
1158635.003
1158728.013
1158729.003
1158749.013
1159232.003
1159324.013
1159337.003
1159342.013
1159779.001
1159842.011
1160850.003
1160918.013
1161185.001
1161251.011
1161327.102
1161632.003
1161633.023
1161653.033
1161748.013
1162133.102
1164456.003
1164457.023
1164477.033
1164550.013
1166723.003
1166822.013
1167547.003
1167619.013
1168304.003
1168380.013
1168668.003
1168698.013
1169017.002
1169023.012
1169743.001
1169854.011
1170171.003
1170289.013
1170415.003
1170455.013
1170768.003
1170799.013
1171972.003
1172060.013
1172081.003
1172085.013
1172420.001
1172475.011
1178258.101
1184984.102
1370306.003
1370307.023
1370327.033
1370407.013
1371731.003
1371771.013
1372346.003
1372370.013
1372693.001
1372694.021
1372714.031
1372801.011
1374709.001
1374770.011
1375767.003
1375835.013
1376029.003
1376038.013
1376532.003
1376553.013
1376744.001
1376825.011
1377330.003
1377436.013
1377632.003
1377684.013
1378023.003
1378036.013
1378263.001
1378329.011
1378608.102
1378761.003
1378762.023
1378782.033
1378863.013
1381267.003
1381383.013
1382406.101
1382837.003
1382916.013
1383202.003
1383282.013
1383435.003
1383495.013
1383782.003
1383880.013
1383944.003
1383960.013
1384117.002
1384133.012
1384248.001
1384249.021
1384269.031
1384381.011
1386490.001
1386616.011
1387765.001
1387842.011
1388303.003
1388389.013
1388729.001
1388847.011
1391234.003
1391363.013
1391581.102
1391681.001
1391847.011
1391859.001
1391884.011
1392235.003
1392236.023
1392256.033
1392338.013
1393840.102
1394625.003
1394626.023
1394646.033
1394724.013
1397115.003
1397210.013
1397260.102
1397848.003
1397849.023
1397869.033
1397946.013
1400209.003
1400341.013
1400577.102
1401161.003
1401162.023
1401182.033
1401252.013
1403536.003
1403650.101
1403677.013
