3
24
17
3
25
17
M013
k
1
5
12
42
50
0
00
00
250
7
800
0
0
0
0
0
0
3522920.049
3522920.112
3522920.027
3552519.001
3552543.011
3552559.001
3552561.011
3553428.002
3553429.012
3553430.002
3553435.012
3553455.002
3553458.012
3553497.002
3553499.012
3553961.003
3553974.006
3553976.016
3554006.013
3554009.003
3554015.013
3560004.002
3560050.012
3560056.002
3560162.012
3560449.001
3560480.004
3560482.014
3560488.004
3560491.014
3560563.011
3560975.001
3560997.011
3561278.003
3561301.013
3562477.002
3562496.012
3562500.002
3562510.012
3562520.002
3562526.012
3563525.002
3563543.012
3579173.003
3579194.006
3579198.016
3579220.013
3597802.001
3597834.011
3598083.003
3598111.013
3607641.003
3607666.013
3618301.002
3618422.012
3618436.002
3618440.012
3618444.002
3618447.012
3618449.002
3618454.012
3618455.002
3618517.012
3618842.002
3619344.012
3619475.003
3619500.013
3619924.003
3619962.013
3619971.003
3619973.013
3619976.003
3620109.013
3684791.003
3684809.006
3684812.016
3684816.006
3684827.016
3684830.006
3684839.016
3684845.006
3684847.016
3684851.006
3684863.016
3684867.006
3684888.016
3684894.006
3684899.016
3684910.006
3684920.016
3684957.013
3685321.002
3685343.012
3686827.003
3686854.013
3718436.003
3718469.006
3718473.016
3718474.006
3718475.016
3718511.013
3718514.003
3718515.013
3718535.003
3718545.013
3728286.001
3728293.011
3728546.003
3728579.013
3729095.002
3729112.012
3741163.003
3741192.013
3775121.001
3775153.011
3775341.003
3775360.013
3786931.002
3786947.012
3787355.001
3787388.004
3787390.014
3787416.004
3787419.014
3787453.004
3787454.014
3787472.004
3787485.014
3787497.011
3869354.001
3869422.011
3869915.003
3869984.013
3869997.003
3870002.013
3878332.001
3878382.011
4062964.049
4062964.027
4505252.001
4505305.011
4505965.003
4506041.013
4506046.003
4506053.013
4507068.001
4507102.011
6009382.003
6009417.013
6635958.001
6635972.011
7538139.003
7538242.013
7538573.001
7538664.004
7538667.014
7538780.011
7539709.001
7539740.011
7541726.003
7541774.013
7542246.002
7542262.012
7542268.002
7542354.012
7542629.001
7542677.004
7542679.014
7542752.011
7544544.001
7544573.011
7545642.003
7545669.013
7555765.001
7555793.011
7555840.001
7555907.011
7564122.001
7564154.011
7565613.003
7565650.013
7565923.001
7565940.011
7577587.001
7577633.011
7579097.003
7579122.013
7585516.001
7585526.011
7593994.001
7594011.011
7595232.001
7595237.011
7595256.001
7595273.011
7604129.003
7604137.013
7604181.003
7604214.013
7612138.001
7612163.011
7627175.001
7627232.011
7627533.003
7627584.006
7627588.016
7627591.006
7627593.016
7627605.006
7627612.016
7627615.006
7627634.016
7627638.006
7627645.016
7627647.006
7627656.016
7627659.006
7627678.016
7627679.006
7627689.016
7627690.006
7627700.016
7627703.006
7627725.016
7627727.006
7627748.016
7627749.006
7627759.016
7627761.006
7627771.016
7627773.006
7627822.016
7627823.006
7627830.016
7627833.006
7627840.016
7628046.013
7628865.001
7628909.004
7628913.014
7628920.004
7628926.014
7628927.004
7628940.014
7628941.004
7628969.014
7629020.004
7629030.014
7629031.004
7629041.014
7629043.004
7629053.014
7629062.004
7629064.014
7629065.004
7629070.014
7629071.004
7629076.014
7629091.004
7629108.014
7629114.004
7629129.014
7629142.004
7629182.014
7629211.004
7629244.014
7629246.004
7629257.014
7629259.004
7629269.014
7629274.004
7629291.014
7629324.011
7640122.003
7640153.006
7640156.016
7640181.013
7659357.001
7659438.004
7659439.014
7659506.004
7659511.014
7659514.004
7659522.014
7659524.004
7659528.014
7659536.004
7659539.014
7659549.004
7659550.014
7659552.004
7659579.014
7659582.004
7659585.014
7659633.004
7659636.014
7659640.004
7659661.014
7659683.004
7659714.014
7659796.011
7660127.003
7660172.013
7665820.001
7665848.011
7670216.001
7670223.011
7680187.003
7680211.013
7680387.001
7680399.011
7682510.003
7682552.013
7685406.001
7685426.011
7686184.001
7686207.011
7692028.001
7692048.011
7693357.003
7693375.013
7694655.003
7694672.013
7697409.003
7697444.013
7699467.002
7699476.012
7699533.001
7699563.011
7700166.003
7700207.013
7712985.001
7713108.011
7713408.003
7713464.006
7713555.016
7713564.013
7714652.002
7714671.012
7714881.001
7714897.011
7714898.001
7714900.011
7715224.001
7715285.011
7793537.001
7793596.011
7793714.003
7793755.013
7793763.003
7793766.013
7843036.041
7843038.059
7843038.037
7853214.102
7854021.101
8193989.001
8193990.021
8194010.031
8194049.004
8194050.014
8194053.004
8194092.014
8194119.011
8195531.001
8195610.011
8196078.003
8196079.023
8196099.033
8196142.006
8196143.016
8196144.006
8196176.016
8196199.013
8197161.003
8197217.013
8197257.101
8197478.002
8197482.012
8197597.001
8197598.021
8197618.031
8197652.004
8197653.014
8197655.004
8197697.014
8197734.011
8198975.102
8199498.001
8199548.011
8200081.002
8200085.012
8200086.002
8200091.012
8200505.003
8200506.023
8200526.033
8200560.006
8200592.016
8200615.013
8202132.003
8202186.013
8202981.101
8203056.001
8203057.021
8203077.031
8203129.004
8203155.014
8203187.011
8206928.001
8207003.011
8207036.001
8207048.011
8207230.003
8207290.013
8208482.001
8208497.011
8211262.001
8211289.011
8211931.101
8213763.001
8213764.021
8213784.031
8213812.004
8213844.014
8213863.004
8213876.014
8213895.011
8215234.101
8227865.102
8364379.001
8364380.021
8364400.031
8364429.004
8364430.014
8364434.004
8364456.014
8364477.011
8366696.001
8366753.011
8367211.001
8367246.011
8367544.001
8367569.011
8367774.003
8367775.023
8367795.033
8367828.006
8367861.016
8367878.013
8368215.102
8369484.003
8369485.023
8369505.033
8369543.006
8369577.016
8369606.013
8371766.003
8371865.013
8374025.003
8374057.013
8374416.001
8374474.004
8374476.014
8374582.011
8374589.001
8374594.011
8375254.003
8375292.013
8375764.001
8375868.011
8377743.102
8405174.101
8417807.001
8417808.021
8417828.031
8417857.004
8417878.014
8417904.011
8419604.001
8419651.011
8420371.001
8420398.011
8420578.003
8420579.023
8420599.033
8420642.006
8420670.016
8420686.013
8422024.003
8422093.013
8422922.003
8422931.013
8422951.003
8422960.013
8423513.001
8423595.011
8424958.101
8426756.001
8426757.021
8426777.031
8426818.004
8426834.014
8426849.011
8427166.101
8429152.001
8429153.021
8429173.031
8429182.101
8429184.021
8429194.004
8429204.031
8429214.014
8429239.004
8429254.011
8430148.001
8430157.011
8430162.001
8430258.014
8430291.011
8431173.101
8431646.001
8431647.021
8431667.031
8431693.004
8431694.014
8431698.004
8431742.014
8431768.011
8435042.001
8435098.011
8438463.102
8478759.101
8560770.001
8560771.021
8560791.031
8560828.004
8560850.014
8560873.011
8562046.001
8562075.011
8562491.001
8562500.011
8562712.003
8562713.023
8562733.033
8562786.006
8562801.016
8562825.013
8566437.102
8567234.001
8567289.011
8567733.003
8567734.023
8567754.033
8567792.006
8567884.016
8567906.013
8574222.102
8577264.001
8577288.011
8581685.001
8581710.011
8581985.003
8581986.023
8582006.033
8582037.006
8582071.016
8582089.013
8585814.102
8590239.101
8600662.003
8600663.023
8600683.033
8600718.006
8600719.016
8600722.006
8600756.016
8600778.013
8610762.001
8610763.021
8610783.031
8610819.004
8610821.014
8610826.004
8610855.014
8610876.011
8612497.102
8621643.101
8622106.001
8622107.021
8622123.011
8622127.031
8622156.001
8622161.004
8622197.014
8622214.011
8626980.003
8626981.023
8627001.033
8627040.006
8627080.016
8627095.013
8636424.101
8642233.003
8642257.013
8642357.002
8642364.012
8642597.001
8642598.021
8642618.031
8642649.004
8642674.014
8642687.011
8653409.001
8653420.011
8656902.102
8661576.101
8670327.003
8670328.023
8670348.033
8670375.006
8670376.016
8670387.006
8670420.016
8670427.006
8670452.016
8670467.006
8670481.016
8670496.013
8671093.003
8671171.013
8684521.102
8686672.001
8686673.021
8686693.031
8686737.004
8686768.014
8686786.011
8690480.101
8692376.001
8692377.021
8692383.011
8692397.031
8692508.001
8692570.011
8695730.101
8700592.001
8700593.021
8700613.031
8700647.004
8700674.014
8700699.011
8701933.002
8701951.012
8701959.002
8701962.012
8703772.001
8703791.011
8703807.001
8703844.011
8713752.101
8719831.001
8719832.021
8719852.031
8719864.011
8719877.001
8719893.004
8719894.014
8719898.004
8719899.014
8719900.004
8719917.014
8719931.011
8730153.003
8730154.023
8730174.033
8730205.006
8730229.016
8730247.013
8732122.101
8739155.102
8741609.003
8741610.023
8741630.033
8741657.006
8741658.016
8741661.006
8741686.016
8741704.013
8742045.102
8748081.001
8748082.021
8748102.031
8748115.011
8748134.001
8748139.004
8748140.014
8748141.004
8748183.014
8748204.011
8748437.001
8748494.011
8748840.003
8748841.023
8748845.013
8748850.003
8748861.033
8748904.006
8748905.016
8748911.006
8748932.016
8748965.013
8753408.102
8756768.001
8756782.011
8757903.101
8775273.003
8775274.023
8775294.033
8775324.006
8775364.016
8775381.013
8782331.002
8782360.012
8782606.001
8782607.021
8782627.031
8782660.004
8782671.014
8782672.004
8782678.014
8782693.011
8787205.102
8793600.101
8797699.003
8797700.023
8797720.033
8797730.013
8797747.003
8797758.006
8797802.016
8797820.013
8807597.003
8807602.013
8809114.003
8809133.013
8811852.001
8811853.021
8811873.031
8811910.004
8811911.014
8811916.004
8811936.014
8811952.011
8814529.101
8819767.102
8824481.003
8824482.023
8824489.013
8824494.003
8824502.033
8824533.006
8824535.016
8824541.006
8824572.016
8824595.013
8828731.003
8828733.013
8829235.001
8829236.021
8829256.031
8829304.004
8829314.014
8829335.011
8850185.102
8852152.101
8857653.001
8857654.021
8857672.011
8857673.001
8857674.031
8857676.011
8857692.001
8857712.004
8857732.014
8857747.011
8867363.001
8867380.011
8879545.002
8879568.012
8879818.001
8879837.011
8879864.001
8879934.011
8880502.003
8880503.023
8880523.033
8880546.006
8880547.016
3
24
17
3
25
17
M013
k
1
5
12
42
50
0
00
00
250
7
247
0
0
0
0
0
0
8880553.006
8880601.016
8880603.006
8880608.016
8880639.013
8892246.101
8895715.001
8895716.021
8895736.031
8895742.011
8896838.102
8902497.001
8902523.011
8904336.001
8904354.011
8908243.001
8908262.011
8908306.001
8908317.011
8908331.001
8908338.011
8909838.101
8911205.002
8911246.012
8923712.001
8923713.021
8923733.031
8923774.004
8923790.014
8923819.011
8932931.001
8932962.011
8939969.003
8939970.023
8939990.033
8940040.006
8940061.016
8940104.013
8943533.101
8953966.003
8953988.013
8954288.001
8954289.021
8954309.031
8954346.004
8954375.014
8954396.011
8957148.102
8963237.001
8963254.011
8977859.001
8977915.011
8983977.101
8984383.001
8984384.021
8984404.031
8984443.004
8984444.014
8984445.004
8984461.014
8984479.011
8989380.101
8991949.001
8991950.021
8991970.031
8992053.011
9008645.003
9008646.023
9008666.033
9008715.006
9008726.016
9008755.013
9017093.003
9017101.013
9018015.001
9018134.004
9018137.014
9018147.011
9024176.102
9028095.101
9028554.001
9028555.021
9028575.031
9028603.004
9028604.014
9028606.004
9028635.014
9028657.011
9031278.101
9039833.001
9039834.021
9039854.031
9039904.004
9039918.014
9039930.011
9048222.002
9048235.012
9052588.001
9052624.011
9053724.101
9054121.001
9054122.021
9054142.031
9054180.004
9054181.014
9054188.004
9054215.014
9054232.011
9057820.001
9057841.011
9058943.002
9058951.012
9059530.003
9059531.023
9059551.033
9059583.006
9059585.016
9059586.006
9059623.016
9059635.006
9059639.016
9059645.102
9059647.023
9059657.013
9059667.033
9059702.006
9060273.003
9060276.013
9060280.003
9060332.016
9060355.013
9064204.102
9076837.001
9076847.011
9078238.001
9078248.011
9078300.001
9078349.011
9088985.001
9089003.011
9089061.001
9089076.011
9099684.101
9101841.001
9101842.021
9101862.031
9101903.004
9101926.014
9101946.011
9115212.003
9115213.023
9115233.033
9115277.006
9115302.016
9115319.013
9115505.003
9115535.013
9116286.102
9121588.101
9122735.001
9122736.021
9122756.031
9122803.004
9122838.014
9122863.011
9126598.101
9151998.002
9152006.012
9152027.002
9152043.012
9152048.002
9152055.012
9152244.001
9152245.021
9152265.031
9152300.004
9152325.014
9152347.011
9170780.001
9170809.011
9173608.101
9179582.001
9179583.021
9179603.031
9179605.004
9179606.014
9179683.011
9191765.001
9191784.011
9194863.001
9194887.011
9206070.001
9206090.011
9206376.003
9206377.023
9206397.033
9206452.006
9206463.016
9206466.006
9206471.016
9206493.013
9207944.002
9208005.012
9209490.101
9212734.102
9229928.003
9229929.023
9229949.033
9229977.006
9229979.016
9229980.006
9230041.016
9230070.013
9233408.102
9238225.001
9238226.021
9238246.031
9238275.004
9238276.014
9238280.004
9238303.014
9238330.011
9239977.101
9250477.001
9250478.021
9250498.031
9250546.004
9250558.014
9250572.011
9260964.001
9260977.011
9271675.001
9271693.011
9271719.001
9271738.011
9277877.001
9277885.011
9278035.003
9278036.023
9278040.013
9278043.003
9278056.033
9278091.006
9278117.016
9278135.013
9279006.102
9283034.051
3
24
17
3
25
17
M013
k
1
5
12
42
50
0
00
00
250
7
191
0
0
0
0
0
0
9283035.112
9286942.003
9286995.006
9287063.016
9287066.006
9287085.016
9287094.013
9290289.001
9290307.011
9293326.001
9293346.011
9302304.001
9302335.011
9302339.001
9302343.011
9302463.003
9302481.013
9316141.001
9316165.011
9318862.002
9318922.012
9319184.001
9319225.011
9319806.001
9319841.011
9346263.001
9346282.011
9372381.003
9372404.013
9372883.001
9372918.011
9372919.001
9372926.011
9377461.003
9377465.013
9381027.002
9381093.012
9381094.002
9381123.012
9392839.001
9392847.011
9411420.003
9411436.013
9411597.002
9411654.012
9411659.002
9411683.012
9411684.002
9411701.012
9411902.002
9411912.012
9412088.002
9412120.012
9412121.002
9412258.012
9412259.002
9412425.012
9412568.001
9412635.011
9438067.002
9438083.012
9438420.002
9438430.012
9438478.002
9438496.012
9438518.002
9438524.012
9438526.002
9438528.012
9438529.002
9438540.012
9438618.002
9438780.012
9438806.002
9438821.012
9438823.002
9438824.012
9438825.002
9438850.012
9438854.002
9438861.012
9438864.002
9438968.012
9439033.002
9439131.012
9439282.001
9439323.011
9463569.003
9463598.013
9463726.002
9463749.012
9520195.001
9520220.011
9520402.003
9520456.013
9529183.001
9529197.011
9543573.001
9543616.011
9544378.002
9544394.012
9544399.002
9544521.012
9544677.003
9544712.013
9626566.001
9626656.011
9626861.003
9626924.013
9823828.001
9823880.011
9824218.003
9824254.013
9827830.001
9827857.011
9842229.002
9842235.012
9842240.002
9842244.012
9842246.002
9842252.012
9842269.002
9842274.012
9842278.002
9842281.012
9842282.002
9842358.012
9842547.001
9842589.011
9844898.003
9844932.013
9849939.001
9849961.011
9860723.002
9860743.012
9860805.001
9860837.011
9865150.003
9865174.013
9866837.001
9866856.011
9867750.002
9867768.012
9868543.001
9868580.011
9871880.001
9871896.011
9880544.003
9880573.013
9900869.001
9900901.011
9901241.003
9901288.006
9901289.016
9901351.006
9901357.016
9901360.006
9901399.016
9901400.006
9901426.016
9901437.013
9902184.002
9902211.012
9902913.002
9902929.012
9912461.003
9912498.013
9920201.001
9920222.011
9925443.001
9925463.011
9934914.003
9934943.013
9939060.001
9939119.011
9944471.001
9944496.011
9944995.001
9945065.011
9947754.003
9947775.006
9947780.016
9947791.013
9952335.002
9952355.012
9958317.001
9958348.011
9972587.003
9972610.013
9972620.003
9972630.013
3
25
17
3
25
17
M013
k
1
5
16
26
58
0
00
00
250
7
800
0
0
0
0
0
0
9443.003
9506.006
9509.016
9512.006
9518.016
9521.006
9540.016
9552.013
13185.001
13207.011
13507.003
13535.013
26350.001
26399.011
26902.001
26934.011
27048.003
27081.013
27845.001
27863.011
28201.001
28205.011
28209.001
28239.011
29002.001
29017.011
29180.002
29200.012
29469.001
29496.011
62121.001
62143.011
85272.003
85309.013
86985.001
87013.011
97025.001
97037.011
102027.001
102063.011
103447.002
103507.012
103508.002
103530.012
103537.002
103553.012
103557.002
103705.012
103923.001
103963.011
104061.001
104077.011
104108.001
104112.011
104627.002
104634.012
104663.002
104690.012
104761.002
104764.012
104775.002
104806.012
104848.002
104892.012
104894.002
104951.012
105099.002
105240.012
105454.003
105469.006
105472.016
105485.006
105518.016
105520.006
105522.016
105563.013
105982.003
105994.013
115420.001
115453.011
131900.001
131920.011
135772.003
135805.013
136745.003
136746.013
136749.003
136752.013
136761.003
136769.013
140837.003
140870.013
164762.003
164785.013
165057.001
165089.011
166375.001
166407.011
197689.001
197732.011
198025.003
198049.006
198051.016
198059.006
198074.016
198099.013
198107.003
198114.013
227865.003
227902.013
228407.002
228428.012
241559.003
241579.013
327171.001
327215.011
327397.003
327424.006
327428.016
327449.013
598713.001
598808.011
598963.003
599056.013
599469.001
599561.004
599562.014
599563.004
599567.014
599569.004
599575.014
599664.011
600001.003
600033.013
600240.001
600345.004
600348.014
600394.004
600398.014
600442.011
600577.003
600661.013
600674.003
600722.013
601827.001
601883.011
601998.003
602034.013
603122.003
603159.013
603210.002
603233.012
603330.001
603412.004
603422.014
603500.011
603734.003
603757.013
603966.001
603980.011
605313.003
605346.013
606708.003
606753.013
661320.001
661389.011
661552.003
661609.013
663040.003
663083.013
663204.001
663237.004
663239.014
663312.004
663320.014
663322.004
663324.014
663354.004
663356.014
663371.004
663379.014
663391.011
700465.001
700529.011
700663.003
700709.013
734266.001
734338.011
734475.003
734536.013
738075.042
738075.1
80
1
360
1
0.006944
738075.11
739671.101
742985.102
809453.001
809454.021
809474.031
809519.004
809537.014
809563.011
810955.001
810997.011
811281.101
811374.003
811375.023
811395.033
811422.006
811423.016
811450.006
811468.016
811492.013
813075.003
813123.013
813398.002
813406.012
813496.001
813497.021
813517.031
813545.004
813634.014
813654.011
813772.102
816731.001
816814.011
817020.003
817021.023
817041.033
817110.013
817521.101
819096.003
819137.013
820521.001
820522.021
820542.031
820571.004
820601.014
820628.011
824809.101
836812.102
888211.001
888212.021
888232.031
888263.004
888286.014
888303.011
897224.101
902773.001
902774.021
902794.031
902834.004
902835.014
902837.004
902871.014
902901.011
904806.001
904928.011
906378.001
906398.011
908704.001
908730.011
908946.003
908947.023
908967.033
909041.013
910974.101
923901.102
989468.001
989469.021
989489.031
989563.011
994473.001
994507.011
994638.003
994639.023
994659.033
994696.006
994726.016
994755.013
997601.003
997618.013
997942.102
1006650.101
1048914.001
1048915.021
1048935.031
1048971.004
1048994.014
1049025.011
1060034.001
1060058.011
1060211.003
1060212.023
1060232.033
1060269.006
1060283.016
1060305.013
1062064.101
1066425.001
1066426.021
1066430.011
1066443.001
1066446.011
1066446.031
1066457.001
1066458.011
1066475.001
1066487.004
1066574.014
1066596.011
1067639.101
1069841.102
1120291.003
1120292.023
1120312.033
1120357.006
1120378.016
1120405.013
1134378.102
1134389.003
1134390.023
1134410.033
1134453.006
1134479.016
1134502.013
1140992.003
1141004.013
1143130.001
1143131.021
1143151.031
1143187.004
1143205.014
1143225.011
1147607.101
1185588.102
1215769.001
1215770.021
1215790.031
1215818.004
1215819.014
1215824.004
1215845.014
1215866.011
1220832.101
1238071.001
1238072.021
1238092.031
1238130.004
1238131.014
1238132.004
1238170.014
1238188.011
1242379.101
1275615.001
1275616.021
1275636.031
1275664.004
1275688.014
1275707.011
1276597.003
1276598.023
1276618.033
1276645.006
1276646.016
1276659.006
1276678.016
1276699.013
1279033.001
1279049.011
1279438.101
1281963.003
1281975.013
1312452.102
1343861.001
1343862.021
1343880.011
1343882.031
1343905.004
1343906.001
1343906.014
1343910.004
1343950.014
1343971.011
1353643.001
1353659.011
1353750.001
1353778.011
1359173.001
1359189.011
1362722.101
1370321.001
1370322.021
1370342.031
1370373.004
1370375.014
1370376.004
1370413.014
1370436.011
1379686.101
1405675.003
1405676.023
1405696.033
1405743.006
1405744.016
1405750.006
1405775.016
1405802.013
1412248.001
1412249.021
1412269.031
1412311.004
1412336.014
1412358.011
1420384.001
1420420.011
1421113.001
1421132.011
1421291.003
1421310.013
1425738.001
1425763.011
1426910.001
1426939.011
1427562.003
1427615.013
1429181.003
1429192.013
1430916.002
1430967.012
1441166.101
1479724.001
1479725.021
1479745.031
1479796.004
1479837.014
1479872.011
1485627.001
1485651.011
1485880.003
1485906.013
1486342.101
1489244.001
1489245.021
1489265.031
1489299.004
1489300.014
1489304.004
1489333.014
1489351.011
1497143.001
1497171.011
1499377.101
1508513.001
1508514.021
1508534.031
1508631.011
1512009.101
1513076.102
1519170.001
1519171.021
1519191.031
1519220.004
1519221.014
1519228.004
1519251.014
1519276.011
1519285.001
1519289.011
1538660.001
1538721.011
1538892.003
1538893.023
1538913.033
1538937.006
1538967.016
1538992.013
1543104.101
1544182.001
1544183.021
1544203.031
1544246.004
1544276.014
1544295.011
1549138.001
1549168.011
1552394.001
1552479.011
1553684.101
1556542.001
1556543.021
1556563.031
1556596.004
1556612.014
1556636.011
1577379.101
1581547.102
1586309.001
1586310.021
1586330.031
1586363.004
1586364.014
1586366.004
1586396.014
1586419.011
1590266.001
1590295.011
1590437.003
1590438.023
1590458.033
1590491.006
1590492.016
1590505.006
1590527.016
1590553.013
1598118.101
1622043.003
1622059.013
1623162.001
1623163.021
1623183.031
1623220.004
1623222.014
1623223.004
1623241.014
1623258.011
1634515.102
1636579.101
1639514.001
1639515.021
1639535.031
1639576.004
1639595.014
1639613.011
1650587.001
1650603.011
1650624.001
1650639.011
1650962.003
1650963.023
1650983.033
1651031.006
1651054.016
1651072.013
1651643.102
1656003.001
1656022.011
1656125.003
1656126.023
1656127.013
1656129.003
1656146.033
1656178.006
1656199.016
1656221.013
1664098.102
1664337.002
1664343.012
1666057.101
1669510.001
1669511.021
1669531.031
1669567.004
1669591.014
1669610.011
1671512.101
1676775.001
1676776.021
1676796.031
1676881.011
1677968.101
1692731.001
1692732.021
1692739.011
1692752.031
1692772.001
1692773.011
1692774.001
1692787.004
1692788.014
1692789.004
1692820.014
1692844.011
1694431.101
1694448.001
1694449.021
1694469.031
1694524.004
1694540.014
1694558.011
1695957.101
1769552.001
1769553.021
1769573.031
1769616.004
1769640.014
1769662.011
1771527.101
1774472.003
1774473.023
1774493.033
1774530.006
1774544.016
1774575.013
1777972.102
1778046.001
1778047.021
1778067.031
1778121.004
1778132.014
1778164.011
1796803.101
1805566.001
1805567.021
1805587.031
1805640.004
1805645.014
1805661.011
1812409.101
1812978.003
1812979.023
1812999.033
1813034.006
1813078.016
1813095.013
1818262.102
1821691.001
1821692.021
1821712.031
1821721.011
1821735.001
1821740.004
1821741.014
1821743.004
1821807.014
1821823.011
1821883.101
1847291.001
1847292.021
1847312.031
1847348.004
1847365.014
1847381.011
1857355.101
1860253.001
1860254.021
1860274.031
1860320.004
1860342.014
1860386.011
1863940.101
1871993.001
1871994.021
1872014.031
1872035.004
1872065.014
1872083.011
1872628.101
1881561.001
1881562.021
1881582.031
1881614.004
1881615.014
1881618.004
1881638.014
1881658.011
1883786.101
1885688.001
1885689.021
1885690.011
1885702.001
1885705.011
1885709.031
1885717.001
1885724.011
1885739.004
1885740.014
1885744.001
1885752.004
1885787.014
1885798.011
1886362.101
1887097.003
1887098.023
1887118.033
1887157.006
1887193.016
1887223.013
1892037.102
1892463.001
1892464.021
1892465.011
1892484.031
1892514.001
1892522.004
1892523.014
1892527.004
1892567.014
1892605.011
1902702.101
1906557.001
1906558.021
1906578.031
1906607.004
1906634.014
1906657.011
1907832.101
1913983.001
1913984.021
1914004.031
1914048.004
1914068.014
1914084.011
1914289.101
1929799.001
1929800.021
1929820.031
1929836.011
1929845.101
1929850.001
1929851.021
1929862.004
1929871.031
1929884.014
1929897.011
1929900.004
1929901.014
1929917.004
1933593.001
1933611.011
1933613.001
1933688.014
1933715.011
1934207.001
1934280.011
1938642.001
1938770.011
1938928.003
1938929.023
1938949.033
1938986.006
1938989.016
1938990.006
1939024.016
1939064.013
1941489.101
1946099.102
1963658.001
1963659.021
1963679.031
1963711.004
1963733.014
1963752.011
1968516.101
1969883.001
1969884.021
1969904.031
1969936.004
1969957.014
1969989.011
1979442.101
1986260.002
1986315.012
1986525.003
1986526.023
1986546.033
1986553.006
1986555.016
1986579.006
1986581.016
1986586.006
1986623.016
1986647.013
1993049.001
1993050.021
1993070.031
1993080.011
1993106.004
1993107.014
1993109.004
1993115.001
1993158.014
1993180.011
1993636.101
2010693.001
2010694.021
2010714.031
2010777.004
2010780.014
2010796.011
2012090.002
2012156.012
2012557.001
2012579.011
2013245.101
2032357.102
