3
24
17
3
25
17
M003
k
1
3
12
35
45
0
00
00
250
7
800
0
0
0
0
0
0
3565512.111
3565512.112
3565513.049
3565513.027
3676201.001
3676247.011
3676449.003
3676516.013
3676848.003
3676873.013
4040233.001
4040253.011
4041867.003
4041919.013
4041927.003
4041961.013
4042187.003
4042218.013
4043814.003
4043840.013
4061666.003
4061711.013
4073895.002
4073946.012
4074023.001
4074040.011
4096023.003
4096066.013
4102536.001
4102539.011
4102547.001
4102562.011
4105539.049
4105539.027
5044009.001
5044045.011
5044313.003
5044343.013
5139066.003
5139109.013
5583301.001
5583316.011
5583510.003
5583541.013
6029109.001
6029139.011
6029496.003
6029622.013
6046808.003
6046837.013
6047632.001
6047690.004
6047696.014
6047700.004
6047705.014
6047733.004
6047747.014
6047751.004
6047756.014
6047763.004
6047764.014
6047765.004
6047774.014
6047791.004
6047804.014
6047815.004
6047939.014
6047961.011
6087172.001
6087202.004
6087266.014
6087271.004
6087288.014
6087319.011
6087321.001
6087359.004
6087377.014
6087418.011
6087433.001
6087439.011
6087715.003
6087909.013
6088010.003
6088556.013
6088564.003
6088586.013
6088587.003
6088625.013
6088628.003
6088672.013
6088683.003
6088688.013
6088732.003
6088794.013
6088819.003
6089252.013
6089510.003
6089513.013
6089815.003
6090247.013
6090707.003
6090847.013
6090853.003
6091077.013
6092594.003
6092615.013
6092617.003
6092680.013
6093119.003
6093238.013
6093239.003
6093317.013
6093362.003
6093368.013
6093372.003
6093376.013
6093385.003
6093526.013
6094325.002
6094402.012
6094438.002
6094443.012
6094653.001
6094715.004
6094723.014
6094728.004
6094850.014
6094881.011
6094892.001
6094907.011
6147808.003
6147975.013
6147989.003
6148140.013
6148304.003
6148333.013
6154473.001
6154527.011
6154533.001
6154536.011
6160951.001
6160983.011
6184765.003
6184804.013
6760011.001
6760083.011
6760951.003
6761000.013
6800843.001
6800874.011
6865526.001
6865560.011
6879101.003
6879144.013
6898482.001
6898493.011
6902058.001
6902087.011
6908708.003
6908782.013
6920534.001
6920536.011
6927164.001
6927179.004
6927190.014
6927222.004
6927239.014
6927241.004
6927243.014
6927249.004
6927254.014
6927285.011
6928596.003
6928613.013
6950549.003
6950552.013
6978637.003
6978647.013
6978773.003
6978824.013
6978829.003
6978836.013
6978852.003
6979013.013
6980111.001
6980131.011
6983969.001
6983996.011
7000164.001
7000182.011
7006325.003
7006357.013
7032748.002
7032904.012
7033084.003
7033112.013
7041163.001
7041189.011
7068799.001
7068827.011
7078091.001
7078108.011
7132764.001
7132823.011
7143458.001
7143496.011
7159596.001
7159625.011
7168247.001
7168274.011
7171073.003
7171083.013
7194921.001
7194951.011
7206268.001
7206296.011
7220131.001
7220159.011
7230936.003
7230940.013
7231126.001
7231136.011
7239580.001
7239586.004
7239591.014
7239631.011
7239637.001
7239645.011
7239998.002
7240040.012
7240490.003
7240505.013
7240507.003
7240536.013
7246585.003
7246626.013
7246627.003
7246648.013
7246825.002
7247038.012
7247341.001
7247357.004
7247360.014
7247384.004
7247389.014
7247406.004
7247412.014
7247429.004
7247476.014
7247509.011
7247510.001
7247527.011
7259295.001
7259310.011
7272422.001
7272452.011
7274102.003
7274129.013
7289819.001
7289840.011
7299140.001
7299190.011
7305677.001
7305696.011
7308268.003
7308281.013
7315617.003
7315636.013
7335998.001
7336033.011
7343336.003
7343360.013
7343551.001
7343563.011
7344452.003
7344480.013
7344503.003
7344507.013
7348357.002
7348385.012
7364321.003
7364373.013
7376865.001
7376894.011
7379730.001
7379757.011
7415902.003
7415949.013
7416165.001
7416194.011
7435402.001
7435436.004
7435459.014
7435467.011
7452627.001
7452655.011
7455666.001
7455691.011
7458140.001
7458151.011
7472584.001
7472603.011
7482467.001
7482483.011
7487441.001
7487461.011
7487724.001
7487740.004
7487743.014
7487758.004
7487763.014
7487770.004
7487776.014
7487778.004
7487794.014
7487806.011
7489644.001
7489653.004
7489656.014
7489680.011
7492260.001
7492267.011
7492277.001
7492292.011
7495663.001
7495668.011
7541462.001
7541494.004
7541498.014
7541512.004
7541518.014
7541522.004
7541527.014
7541531.004
7541536.014
7541556.004
7541572.014
7541573.004
7541583.014
7541588.004
7541594.014
7541598.004
7541603.014
7541606.004
7541613.014
7541636.011
7541638.001
7541689.011
7541965.003
7541997.013
7543122.001
7543140.011
7544014.001
7544035.011
7544111.002
7544123.012
7544370.003
7544395.013
7546438.001
7546468.011
7546721.001
7546745.004
7546753.014
7546756.004
7546774.014
7546794.004
7546797.014
7546811.004
7546836.014
7546850.004
7546853.014
7546859.004
7546874.014
7546884.004
7546997.014
7547030.011
7547183.001
7547216.004
7547220.014
7547235.004
7547240.014
7547250.004
7547279.014
7547345.011
7547536.001
7547541.011
7547564.001
7547577.004
7547598.014
7547599.004
7547636.014
7547644.004
7547659.014
7547661.004
7547726.014
7547728.004
7547734.014
7547751.004
7547761.014
7547765.004
7547773.014
7547775.004
7547795.014
7547799.004
7547806.014
7547807.004
7547957.014
7547958.004
7548037.014
7548038.004
7548130.014
7548152.004
7548159.014
7548194.004
7548205.014
7548216.004
7548263.014
7548347.011
7548351.001
7548361.011
7548451.001
7548465.004
7548477.014
7548728.004
7548741.014
7548813.011
7549145.001
7549188.011
7549218.001
7549224.011
7549231.001
7549245.011
7549268.001
7549285.011
7549477.001
7549496.011
7549559.001
7549592.011
7549807.001
7549815.011
7550087.001
7550090.011
7550112.001
7550121.011
7550232.001
7550243.011
7550312.001
7550315.011
7550578.001
7550583.011
7550591.001
7550597.011
7550811.001
7550896.011
7550898.001
7550997.011
7550998.001
7551012.011
7551019.001
7551022.011
7551032.001
7551048.011
7551285.001
7551297.011
7551300.001
7551310.011
7551336.001
7551345.011
7551521.001
7551531.011
7551538.001
7551543.011
7551550.001
7551563.011
7552039.001
7552064.011
7552068.001
7552079.011
7552125.001
7552164.004
7552173.014
7552175.004
7552188.014
7552249.011
7552261.001
7552355.011
7552761.001
7552768.011
7552772.001
7552799.004
7552803.014
7552817.004
7552822.014
7552864.011
7552868.001
7552882.011
7552883.001
7552923.004
7552988.014
7553006.011
7554757.001
7554790.011
7554810.001
7554825.004
7554838.014
7554845.004
7554886.014
7554892.011
7555147.003
7555315.013
7555356.003
7555673.013
7555822.003
7556183.013
7556246.003
7556584.013
7556855.003
7557086.013
7557134.003
7557194.013
7557202.003
7557611.013
7559511.002
7559646.012
7559848.001
7559880.011
7564324.001
7564355.011
7565920.001
7565939.011
7570524.001
7570532.004
7570539.014
7570563.011
7571906.001
7571922.011
7586720.001
7586746.011
7589698.001
7589711.011
7602055.001
7602082.011
7610041.001
7610067.011
7619697.001
7619728.011
7625303.001
7625309.011
7640872.001
7640900.011
7663718.003
7663732.013
7663927.001
7663951.011
7667220.001
7667248.011
7682409.001
7682441.011
7685735.001
7685775.011
7685970.003
7685989.013
7701919.001
7701942.011
7703247.001
7703269.011
7713645.001
7713680.011
7714902.001
7714920.011
7728470.001
7728521.011
7734483.001
7734529.011
7739486.001
7739515.011
7755216.001
7755244.011
7766224.001
7766240.011
7779849.003
7779875.013
7780189.001
7780215.011
7795092.001
7795125.011
7804177.003
7804179.013
7804182.003
7804205.013
7804375.001
7804385.004
7804388.014
7804424.004
7804438.014
7804443.004
7804446.014
7804473.011
7804481.001
7804486.011
7817130.001
7817149.011
7827189.001
7827208.011
7867700.001
7867744.011
7867963.003
7867977.013
7872016.001
7872037.011
7873068.002
7873084.012
7876227.001
7876254.011
7885600.041
7885601.059
7885601.037
7886168.001
7886212.011
7886262.001
7886335.011
7886723.001
7886772.004
7886776.014
7886786.004
7887005.014
7887022.011
7887466.001
7887499.004
7887509.014
7887514.004
7887730.014
7887737.011
7887826.001
7887861.011
7888489.003
7888559.013
7888736.001
7888797.004
7888803.014
7888816.004
7888832.014
7888833.004
7888989.014
7889008.011
7889907.003
7889912.013
7889923.003
7889965.013
7890312.002
7890388.012
7891909.001
7891978.011
7893915.001
7893967.004
7893976.014
7893996.004
7894000.014
7894017.011
7895904.001
7895943.011
7896929.001
7896954.011
7897993.101
7898393.002
7898409.012
7898693.001
7898694.021
7898714.031
7898744.004
7898784.014
7898813.011
7899921.001
7899992.004
7899996.014
7900011.004
7900025.014
7900033.004
7900040.014
7900045.004
7900056.014
7900096.004
7900140.014
7900145.004
7900253.014
7900273.011
7900535.001
7900566.004
7900574.014
7900576.004
7900583.014
7900584.004
7900618.014
7900625.004
7900630.014
7900642.004
7900686.014
7900696.011
7900933.001
7900961.004
7901010.014
7901031.011
7901362.001
7901388.004
7901395.014
7901418.011
7901595.101
7903304.001
7903305.021
7903313.004
7903314.014
7903325.031
7903358.004
7903393.014
7903415.011
7904358.001
7904437.004
7904558.014
7904584.011
7904779.001
7904803.011
7905205.003
7905235.013
7905489.001
7905525.004
7905529.014
7905533.004
7905539.014
7905544.011
7906780.001
7906832.011
7907578.003
7907612.013
7907740.001
7907752.004
7907757.014
7907780.011
7908680.001
7908715.011
7909348.001
7909359.004
7909363.014
7909379.011
7909662.002
7909682.012
7909744.001
7909752.004
7909755.014
7909769.004
7909776.014
7909790.011
7910620.001
7910632.004
7910636.014
7910664.004
7910669.014
7910696.011
7911193.003
7911224.013
7911382.001
7911397.011
7912127.102
7912844.001
7912853.004
7912855.014
7912856.004
7912858.014
7912882.004
7912897.014
7912904.011
7913180.001
7913206.011
7913964.001
7913972.004
7913977.014
7913989.011
7914575.002
7914694.012
7914939.001
7914949.004
7914952.014
7914977.004
7915004.014
7915006.004
7915123.014
7915154.011
7917166.001
7917234.011
7917249.001
7917253.011
7917256.001
7917267.011
7918706.001
7918736.011
7919385.001
7919424.011
7920766.001
7920800.011
7920866.001
7920887.011
3
24
17
3
25
17
M003
k
1
3
12
35
45
0
00
00
250
7
800
0
0
0
0
0
0
7921464.001
7921500.011
7922211.001
7922241.011
7923143.001
7923178.011
7924186.001
7924219.011
7926599.001
7926626.011
7926878.002
7926925.012
7927644.003
7927645.023
7927665.033
7927766.013
7928651.003
7928815.013
7929051.001
7929103.004
7929117.014
7929132.004
7929173.014
7929250.004
7929254.014
7929255.004
7929266.014
7929271.004
7929278.014
7929286.004
7929288.014
7929289.004
7929300.014
7929310.011
7929599.003
7929674.013
7929942.002
7930134.012
7930736.002
7930766.012
7930770.002
7930789.012
7930801.002
7930823.012
7930830.002
7930897.012
7931137.003
7931170.013
7931593.003
7931638.013
7931645.003
7931648.013
7931649.003
7931656.013
7931665.003
7931670.013
7931862.002
7931943.012
7931955.002
7931960.012
7932161.003
7932176.013
7933209.001
7933255.011
7934017.001
7934043.011
7935909.001
7935947.011
7938778.001
7938830.011
7947083.001
7947120.011
7947496.001
7947516.011
7951666.001
7951701.011
7952105.002
7952112.012
7952160.001
7952195.011
7954577.001
7954609.011
7960956.001
7960990.011
7969228.001
7969263.004
7969272.014
7969273.004
7969278.014
7969287.004
7969295.014
7969306.004
7969328.014
7969334.011
7970683.101
7972557.001
7972558.021
7972578.031
7972608.004
7972610.014
7972623.004
7972630.014
7972653.011
7974457.001
7974465.004
7974468.014
7974489.004
7974494.014
7974497.004
7974501.014
7974508.004
7974512.014
7974546.011
7975785.001
7975820.011
7976123.003
7976239.013
7977149.001
7977183.011
7979053.102
7979090.001
7979114.011
7980264.101
7980296.001
7980297.021
7980305.004
7980309.014
7980317.031
7980349.004
7980387.014
7980408.011
7981466.001
7981489.011
7982645.001
7982656.004
7982658.014
7982730.011
7983345.001
7983355.011
7984601.001
7984625.011
7985756.001
7985782.011
7987028.003
7987029.023
7987049.033
7987149.013
7988156.003
7988187.013
7988306.001
7988332.011
7989436.001
7989501.011
7990131.003
7990149.013
7990756.102
7991129.001
7991148.011
7992404.002
7992409.012
7992456.001
7992485.011
7993367.003
7993368.023
7993388.033
7993480.013
7994406.003
7994462.013
7996134.001
7996177.011
7997517.102
7997911.001
7997936.011
7999081.003
7999082.023
7999102.033
7999188.013
8000252.003
8000280.013
8000692.101
8001375.001
8001376.021
8001396.031
8001401.004
8001403.014
8001421.004
8001424.014
8001428.004
8001463.014
8001484.011
8003303.001
8003332.011
8005713.001
8005733.011
8006669.102
8009515.001
8009541.011
8012443.001
8012460.011
8012506.001
8012519.011
8015587.001
8015611.004
8015615.014
8015622.011
8022657.003
8022658.023
8022678.033
8022758.013
8026312.101
8030369.102
8033405.003
8033406.023
8033426.033
8033510.013
8036514.003
8036537.013
8036637.001
8036638.021
8036643.004
8036647.014
8036658.031
8036695.004
8036716.014
8036729.011
8039562.001
8039575.004
8039578.014
8039597.011
8043266.101
8043561.001
8043562.021
8043582.031
8043610.004
8043628.014
8043657.011
8043660.101
8046404.001
8046405.021
8046416.004
8046419.014
8046425.031
8046497.011
8048738.001
8048790.011
8049369.003
8049392.013
8049711.102
8053536.001
8053557.011
8055863.001
8055887.011
8057507.001
8057528.011
8058220.003
8058221.023
8058241.033
8058325.013
8061373.001
8061423.011
8061661.102
8062417.101
8069581.003
8069582.023
8069602.033
8069723.013
8075405.001
8075406.021
8075426.031
8075458.004
8075471.014
8075491.011
8077929.003
8077950.013
8078042.101
8082567.001
8082568.021
8082588.031
8082620.004
8082650.014
8082663.011
8085150.003
8085172.013
8092382.001
8092420.011
8092423.101
8097465.003
8097481.013
8097565.001
8097566.021
8097586.031
8097649.004
8097654.014
8097682.011
8100140.003
8100168.013
8103357.102
8105280.001
8105304.011
8105697.001
8105711.011
8106911.001
8106929.011
8109927.003
8109928.023
8109948.033
8110034.013
8115813.102
8117454.101
8122776.001
8122777.021
8122797.031
8122827.004
8122870.014
8122875.004
8122890.014
8122907.011
8126468.003
8126469.023
8126489.033
8126580.013
8135314.001
8135338.011
8135571.002
8135582.012
8135741.003
8135774.013
8136576.101
8136776.102
8143862.001
8143863.021
8143883.031
8143914.004
8143917.014
8143919.004
8143945.014
8143959.004
8143963.014
8143975.011
8144838.101
8145102.001
8145103.021
8145123.031
8145169.004
8145180.014
8145199.011
8146383.001
8146431.004
8146438.014
8146476.004
8146501.014
8146510.011
8148348.002
8148363.012
8148420.001
8148449.011
8148701.001
8148722.011
8149608.003
8149609.023
8149629.033
8149716.013
8150483.003
8150519.013
8150931.001
8150953.011
8154338.001
8154358.011
8155631.102
8160119.001
8160155.011
8163265.001
8163285.011
8168014.001
8168059.011
8169338.101
8173248.003
8173249.023
8173269.033
8173349.013
8174735.001
8174736.021
8174756.031
8174791.004
8174833.014
8174856.011
8193875.102
8195875.101
8279556.001
8279557.021
8279577.031
8279596.004
8279624.014
8279642.011
8280488.001
8280527.011
8282833.001
8282909.011
8284260.001
8284305.011
8284646.003
8284647.023
8284667.033
8284760.013
8285672.003
8285730.013
8286135.003
8286173.013
8287095.003
8287234.013
8287542.002
8287577.012
8287671.001
8287714.011
8287777.001
8287805.011
8302911.102
8304742.101
8375252.001
8375253.021
8375273.031
8375294.004
8375322.014
8375344.011
8376215.001
8376259.011
8376518.003
8376519.023
8376539.033
8376621.013
8377733.003
8377840.013
8378281.001
8378310.011
8379597.001
8379636.011
8379944.101
8380319.003
8380348.013
8380404.003
8380487.013
8381434.003
8381451.013
8382438.001
8382439.021
8382459.031
8382480.004
8382482.014
8382483.004
8382524.014
8382529.004
8382533.014
8382537.004
8382541.014
8382544.004
8382552.014
8382566.011
8383642.001
8383698.011
8385862.003
8385899.013
8386049.001
8386080.011
8386308.102
8387827.001
8387859.011
8389462.003
8389463.023
8389483.033
8389555.013
8391246.101
8413376.102
8423854.001
8423855.021
8423875.031
8423907.004
8423909.014
8423910.004
8423937.014
8423952.011
8424803.101
8424919.001
8424920.021
8424940.031
8424986.004
8425005.014
8425017.011
8425482.001
8425517.004
8425525.014
8425538.101
8425540.021
8425547.004
8425551.014
8425560.031
8425607.004
8425633.014
8425652.011
8426608.001
8426705.011
8427049.001
8427090.011
8427218.001
8427243.011
8427398.003
8427399.023
8427419.033
8427506.013
8428451.003
8428498.013
8428856.002
8428874.012
8428942.001
8428979.011
8430031.101
8430257.003
8430280.013
8431518.001
8431519.021
8431539.031
8431568.004
8431571.014
8431573.004
8431596.014
8431618.011
8432606.001
8432637.011
8434461.001
8434497.011
8434514.001
8434584.011
8441863.001
8441886.011
8442823.001
8442849.011
8442996.003
8443053.013
8443185.002
8443202.012
8449787.102
8456343.003
8456344.023
8456364.033
8456450.013
8457521.001
8457564.011
8462283.001
8462310.011
8463739.003
8463751.013
8463910.001
8463937.011
8472950.001
8472965.011
8476434.001
8476481.011
8482792.001
8482812.011
8484526.003
8484547.013
8490516.001
8490525.011
8495839.001
8495861.004
8495865.014
8495872.011
8501122.003
8501131.013
8501237.001
8501270.011
8504521.003
8504557.013
8507735.101
8508343.001
8508344.021
8508364.031
8508401.004
8508433.014
8508452.011
8511767.001
8511804.011
8513805.101
8517221.001
8517222.021
8517224.011
8517226.001
8517240.004
8517242.031
8517244.014
8517261.004
8517294.014
8517311.011
8525432.001
8525455.011
8527091.003
8527110.013
8529353.003
8529364.013
8530309.001
8530341.011
8532952.003
8532976.013
8533070.001
8533107.011
8533450.101
8534449.001
8534450.021
8534470.031
8534496.004
8534516.014
8534534.011
8535248.001
8535264.011
8535282.102
8539714.001
8539741.011
8543189.101
8544005.001
8544006.021
8544017.004
8544021.014
8544026.031
8544060.004
8544073.014
8544087.011
8545282.001
8545305.004
8545309.014
8545315.004
8545318.014
8545347.011
8555378.003
8555379.023
8555399.033
8555483.013
8556694.001
8556772.011
8558627.102
8562893.003
8562894.023
8562900.013
8562905.003
8562914.033
8563006.013
8565525.001
8565555.011
8567376.001
8567401.011
8574196.001
8574218.011
8577856.001
8577878.011
8577987.001
8578006.011
8578265.101
8579142.001
8579143.021
8579163.031
8579191.004
8579194.014
8579196.004
8579241.014
8579258.011
8580101.001
8580132.011
8582613.003
8582640.013
8582742.001
8582762.011
8585828.101
8588078.001
8588079.021
8588099.031
8588124.004
8588148.014
8588169.011
8592676.001
8592711.011
8594366.101
8596208.102
8596379.003
8596380.023
8596388.013
8596390.003
8596400.033
8596484.013
8597679.102
8601555.001
8601556.021
8601576.031
8601594.004
8601596.014
8601597.004
8601622.014
8601651.011
8604098.003
8604099.023
8604119.033
8604197.013
8605004.001
8605037.011
8607034.001
8607053.011
8610424.001
8610449.011
8612883.001
8612902.011
8612923.001
8612935.011
8614274.003
8614290.013
8617475.102
8619414.001
8619440.011
8622685.001
8622694.004
8622697.014
8622713.011
8625697.001
8625710.011
8643018.003
8643019.023
8643039.033
8643167.013
8648656.001
8648668.102
8648694.004
8648718.014
8648719.004
8648730.014
8648741.011
8651374.002
8651400.012
8651481.001
8651488.004
8651495.014
8651521.004
8651560.014
8651585.011
8651809.003
8651810.023
8651830.033
8651892.013
8652557.003
8652579.013
8658391.102
8660509.001
8660532.011
8660676.002
8660808.012
8661221.002
8661273.012
8661274.002
8661283.012
8661285.002
8661303.012
8661306.002
8661313.012
8661326.002
8661331.012
8661347.002
8661453.012
8661598.003
8661599.023
8661619.033
8661717.013
8665301.001
8665322.011
8668678.101
8669021.001
8669022.021
8669042.031
8669082.004
8669111.014
8669131.011
8673465.101
8695498.001
8695499.021
8695519.031
8695561.004
8695578.014
8695598.011
8696810.003
8696847.013
8698667.001
8698675.004
8698679.014
8698692.004
8698699.014
8698702.004
8698725.014
8698730.004
8698734.014
8698736.004
8698923.014
8698939.011
8699073.003
8699399.013
8700953.001
8700984.011
3
24
17
3
25
17
M003
k
1
3
12
35
45
0
00
00
250
7
800
0
0
0
0
0
0
8703402.001
8703425.011
8703590.101
8704540.001
8704541.021
8704561.031
8704587.004
8704590.014
8704593.004
8704626.014
8704640.011
8705636.001
8705681.004
8705688.014
8705690.004
8705702.014
8705705.004
8705717.014
8705729.004
8705736.014
8705763.011
8709917.001
8709924.004
8709927.014
8709929.004
8709933.014
8709944.011
8710424.001
8710432.004
8710439.014
8710440.004
8710444.014
8710469.004
8710474.014
8710494.011
8711576.003
8711592.013
8714233.001
8714259.011
8716285.001
8716306.011
8718549.002
8718603.012
8718744.003
8718762.013
8719041.002
8719054.012
8719106.102
8719125.001
8719174.004
8719385.014
8719390.004
8719394.014
8719411.011
8719538.003
8719539.023
8719559.033
8719636.013
8723829.001
8723852.011
8728509.102
8733880.101
8734687.001
8734688.021
8734708.031
8734747.004
8734754.014
8734755.004
8734762.014
8734787.011
8734801.001
8734819.004
8734825.014
8734834.004
8734899.014
8734915.011
8735676.003
8735677.023
8735697.033
8735777.013
8736539.003
8736576.013
8736963.001
8737003.011
8737126.002
8737360.012
8738037.003
8738062.013
8738263.101
8741049.001
8741050.021
8741070.031
8741122.011
8743134.001
8743158.011
8744583.003
8744621.013
8744630.003
8744638.013
8744643.003
8744731.013
8744860.001
8744869.004
8744872.014
8744896.004
8744899.014
8744916.004
8744918.014
8744925.011
8749314.001
8749342.011
8751864.001
8751895.011
8752189.101
8759773.001
8759774.021
8759794.031
8759811.004
8759849.014
8759872.011
8760862.001
8760868.101
8760870.021
8760890.031
8760926.004
8760927.014
8760977.011
8764157.101
8764688.003
8764739.013
8764840.001
8764841.021
8764861.031
8764890.004
8764892.014
8764899.004
8764904.102
8765075.014
8765092.011
8765820.001
8765907.011
8766026.101
8770332.001
8770333.021
8770353.031
8770359.004
8770364.014
8770388.004
8770404.014
8770418.011
8770890.101
8774786.002
8774799.012
8774875.001
8774876.021
8774891.004
8774894.014
8774896.031
8774897.004
8774900.014
8774912.004
8775014.014
8775031.011
8775264.101
8781045.001
8781046.021
8781066.031
8781079.004
8781082.014
8781096.004
8781154.014
8781171.011
8787455.001
8787502.004
8787507.014
8787519.004
8787531.014
8787549.004
8787720.014
8787721.004
8787738.014
8787772.011
8787905.003
8787906.023
8787926.033
8788013.013
8795381.002
8795391.012
8795433.001
8795463.011
8797038.102
8802162.003
8802163.023
8802183.033
8802255.013
8802427.101
8802912.001
8802913.021
8802933.031
8802962.004
8802964.014
8802965.004
8802994.014
8803031.011
8803356.101
8806382.102
8811139.001
8811140.021
8811160.031
8811182.004
8811185.014
8811211.011
8812042.003
8812043.023
8812063.033
8812152.013
8816067.101
8817516.003
8817532.013
8823579.001
8823580.021
8823600.031
8823627.004
8823651.014
8823655.004
8823677.014
8823687.011
8823800.001
8823823.004
8823833.014
8823840.004
8823865.014
8823868.004
8823885.014
8823889.004
8823893.014
8823906.004
8823913.014
8823919.004
8823922.014
8823942.004
8823975.014
8823999.011
8824015.001
8824021.011
8826125.003
8826159.013
8826293.001
8826329.011
8826482.001
8826496.004
8826503.014
8826522.011
8829332.001
8829364.004
8829369.014
8829390.011
8829544.001
8829555.004
8829560.014
8829577.004
8829605.014
8829629.011
8834839.001
8834866.011
8835201.002
8835253.012
8835360.001
8835372.004
8835381.014
8835405.004
8835414.014
8835417.004
8835428.014
8835430.004
8835433.014
8835437.004
8835648.014
8835671.011
8835788.003
8836086.013
8836089.003
8836123.013
8837649.102
8838103.001
8838131.011
8840840.001
8840869.011
8845723.001
8845750.011
8847843.101
8848661.001
8848662.021
8848682.031
8848711.004
8848717.014
8848735.011
8851964.001
8851992.011
8863932.001
8863952.011
8875382.003
8875383.023
8875403.033
8875484.013
8878179.001
8878208.011
8878978.003
8878992.013
8879209.101
8881122.001
8881123.021
8881143.031
8881178.004
8881203.014
8881221.011
8882173.001
8882204.011
8885656.102
8891904.003
8891905.023
8891925.033
8892002.013
8894356.101
8896150.102
8899585.001
8899586.021
8899606.031
8899632.004
8899636.014
8899638.004
8899658.014
8899671.011
8910707.003
8910708.023
8910728.033
8910802.013
8911589.001
8911620.011
8918613.102
8923880.003
8923881.023
8923901.033
8924004.013
8924147.102
8924933.001
8924965.011
8925288.101
8931553.001
8931554.021
8931574.031
8931594.004
8931629.014
8931644.011
8932353.001
8932389.011
8936715.003
8936716.023
8936736.033
8936812.013
8937559.003
8937574.013
8942924.101
8944270.003
8944294.013
8944398.001
8944399.021
8944419.031
8944451.004
8944454.014
8944457.004
8944482.014
8944498.011
8949013.101
8950154.102
8951901.003
8951902.023
8951922.033
8952004.013
8955098.001
8955099.021
8955119.031
8955140.004
8955143.014
8955144.004
8955171.014
8955190.011
8956320.102
8957515.001
8957539.011
8963683.001
8963700.011
8963731.001
8963748.004
8963752.014
8963765.011
8971401.001
8971419.011
8975045.001
8975115.004
8975116.014
8975133.004
8975139.014
8975146.004
8975173.014
8975174.004
8975282.014
8975328.011
8975495.003
8975496.023
8975516.033
8975601.013
8976672.101
8982979.102
8983656.001
8983657.021
8983677.031
8983703.004
8983710.014
8983712.004
8983722.014
8983737.011
8986822.003
8986823.023
8986843.033
8986922.013
8988783.001
8988805.011
8996512.001
8996532.011
8999784.001
8999805.011
9001609.003
9001640.013
9001673.003
9001682.013
9002718.001
9002758.011
9004438.003
9004454.013
9004456.003
9004460.013
9004474.003
9004477.013
9004865.101
9006656.001
9006657.021
9006677.031
9006698.004
9006726.014
9006748.011
9007724.001
9007784.011
9007785.001
9007794.011
9007892.002
9007948.012
9008482.002
9008528.012
9008764.003
9008776.013
9009946.001
9009964.011
9011504.002
9011511.012
9011562.002
9011625.012
9011637.002
9011645.012
9011707.001
9011770.011
9015726.101
9016341.102
9017438.002
9017548.012
9017558.002
9017562.012
9017751.002
9018063.012
9018065.002
9018533.012
9018535.002
9018541.012
9018550.002
9018717.012
9018789.002
9018827.012
9019056.002
9019167.012
9019171.002
9019219.012
9019240.002
9019245.012
9019254.002
9019274.012
9019291.002
9019414.012
9019694.002
9019735.012
9019738.002
9019766.012
9019813.002
9019854.012
9019858.002
9019875.012
9020077.002
9020289.012
9020290.002
9020297.012
9020302.002
9021100.012
9021197.002
9021301.012
9021438.002
9021650.012
9021657.002
9021725.012
9021797.002
9021804.012
9021806.002
9021823.012
9021837.002
9021843.012
9022499.002
9022634.012
9023050.002
9023134.012
9023138.002
9023155.012
9023607.002
9023630.012
9023668.002
9023799.012
9023800.002
9023808.012
9023824.002
9023885.012
9024323.002
9024502.012
9024538.002
9024616.012
9025256.001
9025257.021
9025265.004
9025270.014
9025277.031
9025305.004
9025333.014
9025350.011
9026371.001
9026405.011
9026424.001
9026427.011
9028238.003
9028239.023
9028259.033
9028350.013
9031874.101
9035840.001
9035841.021
9035861.031
9035888.004
9035913.014
9035926.011
9039751.001
9039779.011
9047011.003
9047030.013
9049214.002
9049236.012
9049366.001
9049403.004
9049406.014
9049412.004
9049424.014
9049436.011
9049519.001
9049531.004
9049541.014
9049543.004
9049549.014
9049571.004
9049582.014
9049584.004
9049710.014
9049718.011
9049926.003
9049939.013
9050734.002
9050745.012
9050851.002
9050866.012
9050921.002
9050967.012
9051086.001
9051103.004
9051105.014
9051117.004
9051122.014
9051148.011
9051149.001
9051159.011
9053203.001
9053231.011
9054592.102
9054848.002
9054858.012
9054934.001
9054947.004
9054951.014
9054981.011
9063676.003
9063677.023
9063697.033
9063776.013
9064711.001
9064747.011
9069042.002
9069051.012
9069149.001
9069170.011
9071074.102
9074376.001
9074400.011
9077985.001
9078011.011
9085038.002
9085052.012
9085128.001
9085160.011
9088152.003
9088153.023
9088173.033
9088258.013
9089261.001
9089288.011
9091548.002
9091556.012
9091621.001
9091629.004
9091633.014
9091650.011
9094629.101
9097825.002
9097832.012
9097910.001
9097911.021
9097931.031
9097973.004
9097999.014
9098018.011
9098281.102
9106713.001
9106742.004
9106752.014
9106758.004
9106761.014
9106778.004
9106833.014
9106849.011
9107275.003
9107276.023
9107296.033
9107379.013
9115290.102
9153533.001
9153569.011
9155945.001
9155955.011
9159455.003
9159456.023
9159476.033
9159597.013
9161509.102
9163929.003
9163930.023
9163950.033
9164041.013
9164928.001
9164978.011
9168451.001
9168471.011
9170808.102
9173969.001
9174001.011
9177104.002
9177121.012
9177187.001
9177211.011
9181577.101
9182549.001
9182550.021
9182570.031
9182626.011
9185340.101
9198144.003
9198145.023
9198165.033
9198290.013
9199349.001
9199350.021
9199370.031
9199402.004
9199450.014
9199475.011
9204331.001
9204365.011
9215328.001
9215345.011
9217303.102
9228331.001
9228361.011
9230916.001
9230919.011
9230920.001
9230935.011
9235339.101
9236593.003
9236594.023
9236614.033
9236687.013
9237617.001
9237618.021
9237638.031
9237725.011
9245492.003
9245516.013
9245628.001
9245646.011
9246233.102
9251753.001
9251766.011
9261261.001
9261294.011
9267175.002
9267192.012
9267265.001
9267285.011
9269854.001
9269874.011
9270027.001
9270051.011
9270182.003
9270183.023
9270203.033
9270333.013
9271084.003
9271183.013
9271336.101
9273784.102
9278293.003
9278294.023
9278314.033
9278400.013
9279153.003
9279329.013
9279622.001
9279623.021
9279643.031
9279688.004
9279712.014
9279732.011
9280407.001
9280442.004
9280446.014
9280461.011
9282095.102
9287729.002
9287734.012
9287821.001
9287850.011
9289268.001
9289283.011
9291491.001
9291525.011
9294331.101
9295231.001
9295232.021
9295252.031
9295299.004
9295302.014
9295303.004
9295330.014
9295343.011
9295693.101
9298531.002
9298540.012
9298587.001
9298588.021
9298608.031
9298634.004
9298672.014
9298692.011
9309098.003
9309099.023
9309119.013
9309119.033
9309147.003
9309219.013
9310135.001
3
24
17
3
25
17
M003
k
1
3
12
35
45
0
00
00
250
7
19
0
0
0
0
0
0
9310167.011
9312060.002
9312079.012
9312128.001
9312153.011
9314685.101
9316231.001
9316232.021
9316239.011
9316244.001
9316252.031
9316267.004
9316269.014
9316279.004
9316313.014
9316337.011
9318914.001
9318932.011
9325634.051
3
24
17
3
25
17
M003
k
1
3
12
35
45
0
00
00
250
7
504
0
0
0
0
0
0
9329122.003
9329137.013
9329228.001
9329235.011
9331102.001
9331130.011
9343858.003
9343867.013
9343926.003
9343952.013
9346023.001
9346074.011
9348904.001
9349007.004
9349009.014
9349020.004
9349024.014
9349034.004
9349040.014
9349045.004
9349053.014
9349054.004
9349108.014
9349109.004
9349137.014
9349138.004
9349140.014
9349152.004
9349155.014
9349166.011
9355391.003
9355405.013
9355506.001
9355555.011
9355573.001
9355630.011
9357772.003
9357801.013
9357918.001
9357971.011
9360274.001
9360306.011
9364888.001
9364917.011
9367988.001
9368010.011
9369941.001
9369947.011
9369956.001
9369980.011
9377359.001
9377370.004
9377372.014
9377386.011
9385824.002
9385839.012
9385913.001
9385943.011
9391660.002
9391669.012
9391719.001
9391735.011
9394315.001
9394337.011
9410790.003
9410848.013
9410948.003
9410976.013
9411331.001
9411361.011
9417977.002
9418009.012
9418232.002
9418292.012
9418512.001
9418558.011
9418681.001
9418712.011
9427277.001
9427300.011
9429234.001
9429241.004
9429245.014
9429281.011
9432304.001
9432331.011
9436288.003
9436295.013
9436400.001
9436427.011
9439858.002
9439866.012
9439924.001
9439952.011
9446734.002
9446741.012
9446792.001
9446799.004
9446803.014
9446830.011
9446892.001
9446921.004
9446936.014
9446957.011
9453031.003
9453067.013
9453211.001
9453251.004
9453256.014
9453275.011
9456977.001
9457008.011
9458356.001
9458377.004
9458382.014
9458389.011
9459135.001
9459162.011
9459166.001
9459181.011
9463205.001
9463231.011
9478139.001
9478175.011
9488732.001
9488772.011
9494068.001
9494089.011
9499601.001
9499627.011
9504412.002
9504420.012
9504494.001
9504518.011
9509847.003
9509874.013
9510149.001
9510188.011
9512214.003
9512244.013
9512366.001
9512393.011
9525489.001
9525523.011
9525705.003
9525741.013
9525887.002
9525902.012
9525961.001
9525975.004
9525980.014
9525995.004
9526013.014
9526018.004
9526036.014
9526040.004
9526045.014
9526080.004
9526092.014
9526093.004
9526113.014
9526117.004
9526123.014
9526125.004
9526132.014
9526135.004
9526142.014
9526149.004
9526153.014
9526162.004
9526164.014
9526174.004
9526185.014
9526194.011
9526217.001
9526236.011
9526245.001
9526249.011
9529848.002
9529853.012
9529938.001
9529967.011
9530053.001
9530063.011
9530090.001
9530093.011
9530114.001
9530132.011
9530159.001
9530171.011
9530180.001
9530189.011
9530213.001
9530238.011
9530439.001
9530576.004
9530579.014
9530596.004
9530600.014
9530635.004
9530640.014
9530642.004
9530645.014
9530705.011
9530796.002
9530853.012
9533382.001
9533426.011
9537236.003
9537273.013
9542299.001
9542326.011
9542441.003
9542475.013
9549163.001
9549184.011
9550945.001
9550971.011
9552062.003
9552099.013
9565680.001
9565701.011
9577763.003
9577782.013
9577911.001
9577939.011
9578100.002
9578126.012
9584579.003
9584612.013
9584844.001
9584884.004
9584897.014
9584904.011
9586367.003
9586398.013
9586399.003
9586401.013
9586412.003
9586418.013
9623469.003
9623487.013
9623610.001
9623641.011
9634528.003
9634563.013
9634712.001
9634736.004
9634763.014
9634802.011
9634808.001
9634856.004
9634858.014
9634865.004
9634886.014
9634898.011
9635562.002
9635759.012
9635832.002
9635962.012
9636010.002
9636032.012
9636037.002
9636171.012
9638061.001
9638070.004
9638075.014
9638099.011
9638449.001
9638459.004
9638482.014
9638483.004
9638513.014
9638642.011
9639137.001
9639171.011
9639179.001
9639209.011
9639586.001
9639600.004
9639628.014
9639629.004
9639636.014
9639645.004
9639655.014
9639656.004
9639660.014
9639677.004
9639684.014
9639685.004
9639731.014
9639739.004
9639748.014
9639853.011
9639867.001
9639915.004
9639918.014
9639942.004
9640002.014
9640004.004
9640011.014
9640216.011
9640221.001
9640368.004
9640376.014
9640388.004
9640414.014
9640419.004
9640432.014
9640483.011
9640767.001
9640778.004
9640812.014
9640814.004
9640828.014
9640830.004
9640839.014
9640847.004
9640853.014
9640862.004
9640865.014
9640867.004
9640875.014
9640876.004
9640883.014
9640890.004
9640900.014
9641145.004
9641154.014
9641161.004
9641172.014
9641377.011
9641517.001
9641543.011
9641547.001
9641550.011
9641551.001
9641635.011
9641636.001
9641640.011
9641644.001
9641692.011
9641699.001
9641789.011
9641790.001
9641813.011
9641821.001
9641841.011
9641845.001
9641968.011
9642199.001
9642210.011
9642241.001
9642244.011
9642338.001
9642457.011
9642566.001
9642570.011
9642575.001
9642581.011
9642590.001
9642593.011
9642607.001
9642610.011
9642654.001
9643131.011
9643158.001
9643246.011
9643260.001
9643561.011
9643985.001
9643998.004
9644004.014
9644011.004
9644030.014
9644031.004
9644039.014
9644040.004
9644053.014
9644056.004
9644070.014
9644088.004
9644091.014
9644117.004
9644120.014
9644204.004
9644230.014
9644288.011
9644612.001
9644621.011
9644643.001
9644702.011
9644709.001
9644731.011
9644744.001
9644771.011
9645437.003
9645688.013
9645693.003
9645710.013
9645719.003
9645723.013
9647636.001
9647665.004
9647674.014
9647682.011
9648880.002
9648884.012
9648960.001
9648978.011
9658759.001
9658791.011
9666657.003
9666684.013
9666923.001
9666981.011
9676127.001
9676170.011
9676216.001
9676263.011
9694993.003
9695547.013
9695686.001
9695716.004
9695721.014
9695754.011
9696120.001
9696127.004
9696134.014
9696166.011
9716967.003
9717102.013
9717202.002
9717342.012
9717446.002
9717670.012
9717833.002
9718030.012
9718204.002
9718393.012
9718395.002
9718403.012
9718483.002
9718580.012
9718585.002
9718606.012
9726865.001
9726901.011
9729469.003
9729486.013
9729622.001
9729649.011
9745449.003
9745464.013
9745470.003
9745477.013
9745588.001
9745620.011
9749316.001
9749349.011
9760726.003
9760758.013
9760926.001
9760931.004
9760938.014
9760954.011
9760979.001
9760989.004
9760994.014
9761062.011
9762428.001
9762440.011
9790373.001
9790405.011
9801898.001
9801944.011
9811626.001
9811681.011
9813557.001
9813590.011
9818341.001
9818389.011
9823133.001
9823154.011
9837225.003
9837258.013
9837395.001
9837436.004
9837449.014
9837476.011
9839555.001
9839576.011
9840984.001
9840996.004
9841007.014
9841012.004
9841030.014
9841039.004
9841045.014
9841055.004
9841072.014
9841073.004
9841083.014
9841097.011
3
25
17
3
25
17
M003
k
1
3
16
20
02
0
00
00
250
7
800
0
0
0
0
0
0
2540.003
2571.013
24808.003
24825.013
26931.001
26960.011
28658.001
28715.011
63191.003
63215.013
63311.001
63350.011
75179.001
75206.011
83404.003
83431.013
85039.002
85055.012
85110.001
85142.011
87112.001
87132.011
92329.001
92356.011
104617.001
104640.011
111300.001
111327.011
112846.001
112892.011
117779.001
117799.011
122100.002
122108.012
122150.001
122172.011
125361.001
125392.011
132621.003
132626.013
140299.001
140316.004
140327.014
140336.011
142120.001
142132.004
142135.014
142149.011
142224.002
142242.012
146234.003
146275.013
150616.001
150650.004
150655.014
150693.011
151805.001
151821.004
151860.014
151868.011
155158.001
155162.011
155166.001
155183.011
157173.002
157185.012
157230.001
157278.004
157310.014
157315.011
160096.001
160123.004
160160.014
160170.011
169175.001
169201.011
188398.001
188437.011
190898.001
190909.004
190915.014
190918.004
190945.014
190958.011
197728.001
197758.011
198711.002
198856.012
199102.003
199129.013
221905.001
221933.004
221937.014
221964.011
222190.002
222219.012
222432.001
222505.004
222512.014
222526.004
222534.014
222536.004
222557.014
222595.011
222951.001
222957.004
222968.014
222972.004
222984.014
222998.004
223001.014
223002.004
223016.014
223019.004
223024.014
223028.004
223032.014
223033.004
223044.014
223073.004
223076.014
223094.011
230198.003
230221.013
234263.001
234284.011
237264.001
237296.011
237314.001
237316.011
240916.002
240938.012
241056.001
241065.004
241072.014
241090.011
241223.002
241236.012
241351.001
241356.011
241375.001
241378.011
241406.001
241419.011
241430.001
241435.011
241436.001
241439.011
241440.001
241522.011
241551.001
241578.011
241584.001
241650.004
241655.014
241710.004
241713.014
241734.004
241737.014
241743.004
241746.014
241749.004
241753.014
241768.004
241813.014
241930.011
242035.001
242047.004
242063.014
242064.004
242076.014
242114.011
242115.001
242122.011
242125.001
242155.011
242240.001
242256.011
242257.001
242268.004
242270.014
242299.004
242301.014
242318.004
242322.014
242344.004
242347.014
242367.004
242372.014
242388.004
242405.014
242468.004
242472.014
242477.004
242495.014
242531.004
242555.014
242583.011
242589.001
242643.004
242646.014
242661.004
242664.014
242718.011
242719.001
242722.011
242866.001
242880.004
242896.014
242897.004
242910.014
242912.004
242917.014
242919.004
242923.014
242929.004
243022.014
243033.004
243062.014
243063.004
243067.014
243100.004
243105.014
243110.004
243130.014
243157.011
243159.001
243163.011
243165.001
243214.004
243217.014
243242.011
243492.003
244028.013
244047.003
244360.013
244524.003
244532.013
244557.003
244563.013
244564.003
244609.013
244612.003
244615.013
244617.003
244623.013
244637.003
244643.013
244644.003
244782.013
244914.003
244951.013
244964.003
244975.013
244988.003
245015.013
245406.001
245413.004
245425.014
245462.011
245534.002
245648.012
245649.002
245686.012
249860.001
249879.011
259462.001
259500.011
260032.003
260047.013
260181.002
260783.012
260784.002
260798.012
260843.002
261384.012
261890.002
261951.012
262205.002
262386.012
262887.002
263036.012
263040.002
263045.012
263319.002
263837.012
263881.002
264229.012
264357.002
264716.012
265025.002
265139.012
265355.002
265576.012
265768.002
265973.012
266181.002
266816.012
267791.002
268074.012
268249.002
268439.012
272056.001
272100.011
272536.002
272663.012
287902.001
287929.011
289698.001
289729.011
299465.002
299470.012
299526.001
299538.011
317030.003
317129.013
317558.001
317602.011
318279.003
318652.013
318671.003
318677.013
319738.001
319768.011
331603.001
331639.004
331644.014
331647.004
331652.014
331654.004
331659.014
331664.004
331713.014
331723.011
338069.001
338089.011
342468.003
342471.013
343660.001
343692.011
346905.001
346924.011
350116.003
350121.013
350192.002
350198.012
350265.001
350287.011
353578.001
353598.011
375679.003
375733.013
375878.001
375888.004
375894.014
375944.011
375959.001
375962.011
384072.001
384104.004
384111.014
384146.011
408606.001
408645.011
408646.001
408706.004
408837.014
408870.011
408872.001
408875.011
409109.001
409144.011
409236.001
409244.004
409254.014
409255.004
409261.014
409331.004
409345.014
409364.004
409389.014
409398.004
409428.014
409430.004
409434.014
409437.004
409485.014
409494.004
409532.014
409548.011
409636.001
409644.004
409689.014
409749.004
409752.014
409773.004
409777.014
409795.004
409871.014
409918.011
410046.001
410102.011
410216.003
410326.013
410332.003
410345.013
410399.003
410408.013
410409.003
410572.013
410800.002
410993.012
411183.003
411300.013
411302.006
411303.016
411304.003
411368.013
411593.001
411632.011
415709.001
415721.004
415726.014
415735.011
416500.001
416508.004
416517.014
416543.004
416618.014
416635.011
418234.001
418247.004
418260.014
418261.004
418275.014
418317.011
418834.001
418892.011
420063.001
420084.004
420100.014
420108.004
420112.014
420115.004
420123.014
420171.011
421014.001
421021.004
421046.014
421048.004
421095.014
421115.011
422433.002
422482.012
423708.003
423722.013
423726.003
423741.013
423742.003
423768.013
423773.003
423778.013
427672.001
427695.004
427700.014
427714.011
438446.001
438472.011
448548.001
448598.011
465654.001
465683.011
469786.001
469811.011
477885.001
477901.011
486297.003
486379.013
504913.001
504979.011
507284.001
507303.011
518913.001
518947.004
518957.014
518999.011
519000.001
519004.011
519020.001
519023.011
519024.001
519047.011
519293.001
519301.004
519324.014
519390.011
519406.001
519410.011
547372.001
547418.011
549108.001
549123.004
549182.014
549187.011
577644.001
577687.011
577989.001
578017.011
578580.001
578618.011
630680.001
630709.011
631008.001
631058.011
634379.001
634404.011
663915.001
663947.004
663952.014
663954.004
663957.014
663978.011
664168.003
664199.013
779689.042
779689.1
80
1
360
1
0.006944
779689.11
780043.101
783035.102
1022606.001
1022607.021
1022627.031
1022656.004
1022660.014
1022662.004
1022709.014
1022733.011
1022882.001
1023000.011
1023605.003
1023606.023
1023626.033
1023708.013
1024946.003
1025030.013
1025471.002
1025508.012
1025638.001
1025683.004
1025686.014
1025723.004
1025727.014
1025729.004
1025734.014
1025756.011
1026315.003
1026450.013
1026977.001
1027032.011
1028885.001
1029003.011
1029359.003
1029444.013
1029465.003
1029515.013
1029755.002
1029798.012
1029916.001
1029972.004
1029983.014
1030005.011
1030009.001
1030013.011
1031393.003
1031435.013
1031632.001
1031706.004
1031714.014
1031716.004
1031720.014
1031728.004
1031739.014
1031740.004
1031749.014
1031767.004
1031798.014
1031802.004
1031824.014
1031836.004
1031859.014
1031908.011
1032168.001
1032194.011
1032480.003
1032498.013
1034150.003
1034186.013
1035474.001
1035512.011
1035611.001
1035639.011
1038927.003
1038978.013
1039284.001
1039328.011
1040937.001
1040972.011
1042160.002
1042204.012
1042316.001
1042348.011
1057808.101
1105189.102
1338461.001
1338462.021
1338482.031
1338522.004
1338629.014
1338651.011
1339813.001
1339886.011
1340070.001
1340126.011
1340344.003
1340345.023
1340365.033
1340476.013
1341831.101
1341928.003
1342012.013
1342302.003
1342368.013
1343139.003
1343184.013
1343591.001
1343592.021
1343612.031
1343637.004
1343689.014
1343709.011
1345165.001
1345261.011
1345311.102
1346131.001
1346148.004
1346168.014
1346171.004
1346215.014
1346224.004
1346244.014
1346332.004
1346335.014
1346353.011
1347424.001
1347441.004
1347463.014
1347469.004
1347473.014
1347511.011
1347922.001
1347940.004
1347944.014
1348037.011
1348322.001
1348376.011
1348888.003
1348889.023
1348909.033
1348990.013
1350390.003
1350467.013
1350636.003
1350648.013
1350650.003
1350719.013
1351645.003
1351724.013
1351726.101
1352325.001
1352326.021
1352346.031
1352360.004
1352415.014
1352433.011
1353766.001
1353830.011
1354359.001
1354374.004
1354383.014
1354403.004
1354406.014
1354414.004
1354423.014
1354424.004
1354431.014
1354443.004
1354446.014
1354515.011
1355105.001
1355143.004
1355148.014
1355153.004
1355173.014
1355175.004
1355184.014
1355186.004
1355195.014
1355212.011
1355236.001
1355240.011
1355244.001
1355261.004
1355265.014
1355276.004
1355283.014
1355307.004
1355317.014
1355319.004
1355355.014
1355372.004
1355378.014
1355393.011
1355623.001
1355649.011
1355820.003
1355925.013
1356010.003
1356041.013
1356593.001
1356602.004
1356609.014
1356647.011
1357121.001
1357164.011
1357506.001
1357539.011
1357757.001
1357787.011
1357932.003
1357989.013
1357997.003
1358016.013
1358423.002
1358440.012
1358525.001
1358580.004
1358605.014
1358627.011
1358854.101
1359199.102
1359373.003
1359374.023
1359394.033
1359498.013
1360739.003
1360845.013
1361303.001
1361304.021
1361324.031
1361396.011
1362607.001
1362648.004
1362651.014
1362685.004
1362687.014
1362730.011
1363414.001
1363492.011
1364316.001
1364360.004
1364365.014
1364418.011
1364783.001
1364837.011
1364998.003
1365122.013
1365324.101
1365519.001
1365520.021
1365540.031
1365563.004
1365565.014
1365586.004
1365590.014
1365608.011
1367167.001
1367295.011
1368186.001
1368262.011
1369256.001
1369272.004
1369277.014
1369285.004
1369291.014
1369321.011
