3
24
17
3
25
17
M011
k
1
3
12
42
49
0
00
00
250
7
800
0
0
0
0
0
0
3522920.111
3522921.049
3522921.027
3524854.003
3524887.013
3526054.001
3526071.011
3526194.002
3526221.012
3526394.003
3526410.006
3526412.016
3526415.006
3526419.016
3526446.006
3526452.016
3526490.013
3526603.003
3526627.013
3530984.003
3531012.013
3531087.003
3531110.013
3531310.001
3531326.011
3543591.003
3543619.013
3551400.003
3551418.013
3559597.003
3559629.013
3577285.003
3577319.013
3579978.001
3579999.011
3599625.003
3599666.013
3600989.003
3601077.013
3605249.002
3605392.012
3605393.002
3605492.012
3605518.002
3605646.012
3609323.003
3609347.013
3624688.002
3624707.012
3624799.003
3624848.013
3636958.003
3636996.013
3671980.003
3672023.013
3672080.003
3672088.006
3672102.016
3672112.013
3707689.003
3707731.013
3709154.001
3709189.004
3709248.014
3709276.011
3709749.001
3709755.011
3710380.003
3710403.013
3738662.003
3738702.013
4062963.049
4062963.027
4767859.001
4767903.011
4768157.003
4768263.013
4775001.003
4775041.013
6399439.001
6399484.011
6399745.003
6399833.013
6925734.003
6925772.013
6936061.003
6936064.013
6936073.003
6936101.013
6936298.001
6936317.011
6954324.003
6954345.013
6970446.001
6970473.011
7812924.003
7813026.013
7813046.003
7813052.013
7813521.001
7813580.011
7813686.002
7813700.012
7813826.003
7813849.013
7815173.001
7815175.011
7815177.001
7815198.011
7815620.002
7815668.012
7815974.003
7815990.013
7816263.001
7816291.011
7841019.003
7841118.013
7843036.041
7843037.059
7843037.037
7845768.001
7845792.011
7845860.002
7845870.012
7845959.003
7846038.013
7846701.102
7847378.003
7847379.023
7847399.033
7847435.006
7847500.016
7847540.013
7849232.102
7849684.003
7849685.023
7849705.033
7849736.006
7849767.016
7849792.013
7850125.101
7851194.003
7851235.006
7851238.016
7851258.006
7851260.016
7851302.013
7851531.102
7851651.003
7851652.023
7851672.033
7851702.006
7851728.016
7851752.013
7852716.003
7852765.013
7853171.003
7853228.013
7854161.003
7854203.013
7855533.003
7855569.013
7855823.003
7855866.013
7856051.001
7856052.021
7856072.031
7856090.004
7856091.014
7856092.004
7856131.014
7856165.004
7856168.014
7856171.004
7856188.014
7856207.011
7857645.001
7857679.011
7857833.101
7857921.002
7857925.012
7858105.003
7858143.013
7861810.001
7861811.021
7861814.011
7861815.001
7861831.031
7861859.004
7861929.014
7861958.011
7863241.001
7863275.011
7863525.003
7863599.013
7863799.001
7863823.011
7867016.003
7867082.013
7872897.002
7872914.012
7873016.003
7873067.013
7873086.003
7873103.013
7873354.001
7873399.011
7879425.003
7879482.013
7879942.003
7879945.013
7879950.003
7879981.013
7881922.102
7882711.003
7882712.023
7882732.033
7882758.006
7882800.016
7882809.006
7882811.016
7882818.006
7882821.016
7882849.013
7883004.102
7884324.003
7884325.023
7884345.033
7884373.006
7884374.016
7884382.006
7884407.016
7884441.013
7885403.102
7885787.003
7885788.023
7885808.033
7885831.006
7885832.016
7885833.006
7885856.016
7885892.013
7887288.003
7887353.013
7887710.001
7887749.011
7887852.101
7888748.003
7888785.013
7888875.001
7888876.021
7888878.011
7888896.031
7888926.004
7888945.003
7889011.013
7889217.003
7889248.013
7889569.001
7889617.014
7889649.011
7890480.102
7890873.002
7890908.012
7891234.003
7891235.023
7891255.033
7891292.006
7891333.016
7891356.013
7892545.003
7892578.013
7893019.001
7893030.011
7894624.101
7899734.003
7899790.013
7899808.003
7899812.013
7902531.003
7902618.013
7904497.102
7912256.003
7912257.023
7912277.033
7912313.006
7912339.016
7912365.013
7913417.003
7913459.013
7913910.001
7913911.021
7913931.031
7913960.004
7913999.014
7914052.011
7916125.002
7916138.012
7916246.003
7916283.013
7916639.102
7917961.003
7917962.023
7917982.033
7918019.006
7918049.016
7918077.013
7919157.003
7919186.013
7922827.003
7922860.013
7923545.102
7926978.101
7928376.003
7928377.023
7928390.006
7928393.016
7928397.033
7928431.006
7928459.016
7928488.013
7932054.003
7932138.013
7932341.001
7932342.021
7932362.031
7932372.004
7932375.014
7932397.004
7932432.014
7932457.011
7934125.101
7940690.102
7942882.003
7942883.023
7942903.033
7942931.006
7942959.016
7942983.013
7944676.003
7944714.013
7944735.003
7944755.013
7945615.003
7945639.013
7945787.001
7945788.021
7945808.031
7945838.004
7945865.014
7945887.011
7953060.003
7953126.013
7956889.101
7960378.003
7960417.013
7984367.003
7984393.006
7984394.016
7984395.006
7984397.016
7984404.006
7984406.016
7984427.013
7986815.003
7986856.013
7987000.003
7987018.006
7987020.016
7987035.013
7987375.102
8552316.003
8552317.023
8552337.033
8552372.006
8552428.016
8552459.013
8553840.003
8553944.013
8554310.003
8554339.013
8554507.001
8554508.021
8554528.031
8554554.004
8554555.014
8554563.004
8554581.014
8554608.011
8556038.001
8556106.011
8559086.003
8559153.013
8559154.003
8559155.013
8559157.003
8559168.013
8559421.001
8559542.011
8561259.002
8561310.012
8561413.003
8561512.013
8561519.003
8561527.013
8562475.003
8562512.013
8562937.001
8562938.011
8562940.001
8563004.011
8563009.001
8563012.011
8563060.001
8563079.011
8563539.002
8563555.012
8563656.003
8563734.013
8564575.001
8564610.011
8565324.003
8565384.013
8565740.001
8565791.011
8567558.003
8567588.006
8567593.016
8567651.013
8569108.001
8569157.011
8569264.002
8569299.012
8569393.003
8569427.013
8570882.002
8570901.012
8571260.003
8571326.013
8572669.003
8572706.013
8575298.003
8575353.013
8575470.003
8575577.013
8575579.003
8575605.013
8575668.003
8575698.013
8576203.001
8576264.004
8576265.014
8576270.004
8576306.014
8576330.011
8577017.102
8577300.003
8577301.023
8577321.033
8577348.006
8577349.016
8577359.006
8577399.016
8577432.013
8579383.003
8579436.006
8579437.016
8579477.013
8582820.003
8582878.013
8583381.003
8583425.013
8583737.003
8583769.013
8584081.001
8584164.004
8584168.014
8584180.004
8584183.014
8584188.004
8584192.014
8584195.004
8584205.014
8584230.011
8584737.002
8584782.012
8584895.003
8584954.013
8584956.003
8584992.006
8585013.016
8585035.006
8585038.016
8585099.013
8585264.003
8585313.013
8585944.003
8585984.013
8586904.001
8586937.011
8587699.002
8587746.012
8587864.003
8587993.013
8589538.001
8589540.011
8589545.001
8589637.004
8589638.014
8589662.011
8589667.001
8589669.011
8589717.101
8590381.003
8590424.013
8590515.003
8590555.013
8591589.001
8591590.021
8591610.031
8591638.004
8591673.014
8591698.011
8594883.001
8594974.011
8595009.001
8595069.011
8598127.003
8598174.006
8598187.016
8598213.006
8598217.016
8598254.013
8598437.001
8598511.011
8598526.001
8598549.011
8598990.001
8599036.011
8599041.001
8599043.011
8599053.001
8599074.011
8599095.001
8599127.011
8599128.001
8599129.011
8599139.001
8599187.011
8599436.003
8599451.006
8599453.016
8599511.013
8599724.003
8599761.013
8600624.001
8600661.011
8600673.001
8600691.011
8601832.003
8601882.006
8601889.016
8601937.013
8602116.001
8602167.004
8602179.014
8602196.011
8602661.003
8602688.013
8602969.001
8602979.011
8603852.102
8607932.003
8607933.023
8607953.033
8607982.006
8607984.016
8607987.006
8608005.016
8608030.013
8611856.102
8611891.003
8611892.023
8611912.033
8611943.006
8611971.016
8611990.013
8613730.101
8613856.003
8613958.013
8614689.003
8614726.013
8614953.001
8614954.021
8614974.031
8614999.004
8615072.014
8615098.011
8616833.102
8619228.001
8619304.011
8619313.001
8619314.011
8619317.001
8619343.011
8619387.101
8620322.001
8620323.021
8620343.031
8620358.004
8620401.014
8620425.011
8622749.001
8622799.011
8623920.001
8623983.011
8624509.003
8624510.023
8624530.033
8624575.006
8624587.016
8624605.013
8624983.101
8626045.003
8626096.006
8626101.016
8626151.013
8626540.001
8626541.021
8626561.031
8626581.004
8626583.014
8626590.004
8626616.014
8626617.004
8626632.014
8626651.011
8627620.102
8629422.001
8629516.004
8629517.014
8629569.011
8631961.001
8632057.011
8632811.002
8632834.012
8632928.003
8632929.023
8632949.033
8632951.006
8632952.016
8632980.006
8633005.016
8633024.013
8633497.102
8634750.003
8634751.023
8634771.033
8634799.006
8634822.016
8634842.013
8636627.102
8637268.003
8637269.023
8637289.033
8637318.006
8637356.016
8637375.013
8639670.101
8639789.003
8639879.013
8640295.003
8640326.013
8640636.001
8640637.021
8640657.031
8640681.004
8640682.014
8640687.004
8640717.014
8640739.011
8642884.001
8642927.011
8642940.001
8643037.011
8643219.001
8643258.011
8643561.003
8643681.013
8644341.001
8644399.011
8645356.003
8645363.101
8645384.013
8646015.001
8646016.021
8646036.031
8646063.004
8646089.014
8646114.011
8647330.001
8647373.011
8647857.003
8647925.013
8647998.003
8648011.013
8648187.001
8648230.011
8649378.003
8649406.006
8649408.016
8649451.006
8649462.016
8649475.006
8649479.016
8649485.006
8649488.016
8649493.006
8649496.016
8649497.006
8649506.016
8649513.006
8649518.016
8649525.006
8649526.016
8649528.006
8649554.016
8649610.013
8649732.001
8649745.004
8649746.014
8649797.011
8649805.001
8649836.011
8661754.101
8663446.102
8846479.003
8846480.023
8846500.033
8846528.006
8846550.016
8846589.013
8847954.003
8848058.013
8848194.003
8848241.013
8848248.003
8848258.013
8848435.001
8848436.021
8848456.031
8848478.004
8848505.014
8848524.011
8850966.001
8850969.011
8850970.001
8851076.101
8851078.021
8851098.031
8851130.004
8851188.014
8851213.011
8853791.001
8853871.004
8853873.014
8853905.011
8853910.001
8853911.011
8853925.001
8853927.011
8854860.002
8854882.012
8855003.003
8855051.006
8855059.016
8855064.006
8855065.016
8855067.006
8855070.016
8855093.006
8855097.016
8855098.006
8855101.016
8855112.006
8855119.016
8855123.006
8855127.016
8855132.006
8855146.016
8855147.006
8855153.016
8855155.006
8855158.016
8855172.006
8855182.016
8855189.006
8855193.016
8855194.006
8855197.016
3
24
17
3
25
17
M011
k
1
3
12
42
49
0
00
00
250
7
724
0
0
0
0
0
0
8855202.006
8855204.016
8855265.013
8855423.001
8855567.011
8855575.001
8855617.004
8855639.014
8855659.011
8855700.001
8855744.011
8856028.001
8856068.011
8856094.001
8856097.011
8856181.002
8856244.012
8856392.003
8856467.013
8856486.003
8856504.013
8856694.001
8856714.102
8856780.011
8856782.001
8856808.011
8856897.001
8856930.011
8857199.001
8857217.011
8857732.003
8857733.023
8857753.033
8857782.006
8857817.016
8857849.013
8859194.003
8859255.013
8859664.003
8859702.013
8860833.003
8860892.013
8861179.001
8861250.004
8861259.014
8861319.011
8861321.001
8861376.004
8861377.014
8861411.011
8861414.001
8861423.011
8861429.001
8861430.011
8862017.003
8862142.006
8862147.016
8862153.006
8862158.016
8862185.013
8863403.002
8863442.012
8863659.001
8863728.011
8863747.001
8863754.011
8863770.001
8863777.011
8863781.001
8863788.011
8864197.003
8864246.013
8864349.003
8864358.006
8864359.016
8864364.006
8864367.016
8864388.013
8864823.003
8864890.013
8865691.003
8865725.013
8865947.001
8865999.011
8866004.001
8866028.011
8866033.001
8866050.011
8866051.001
8866073.011
8868312.003
8868401.013
8868655.001
8868712.011
8868727.001
8868777.011
8868779.001
8868794.011
8868797.001
8868802.011
8868805.001
8868818.011
8870296.001
8870360.011
8870362.001
8870365.011
8872289.003
8872302.006
8872307.016
8872365.013
8872701.001
8872729.011
8873012.003
8873048.013
8874335.001
8874387.011
8881288.102
8892961.101
8954879.003
8954880.023
8954900.033
8954933.006
8954970.016
8954998.013
8956522.003
8956586.006
8956588.016
8956634.013
8956798.003
8956816.013
8956954.001
8956955.021
8956975.031
8957002.004
8957025.014
8957049.011
8958363.001
8958406.011
8958876.001
8958921.011
8959314.003
8959365.013
8959594.003
8959631.013
8960354.003
8960394.013
8960746.001
8960797.011
8960813.001
8960819.011
8960834.001
8960852.011
8961340.003
8961425.013
8962355.001
8962380.102
8962406.011
8962417.001
8962421.011
8963854.001
8963883.011
8964023.003
8964024.023
8964044.033
8964076.006
8964098.016
8964126.013
8966184.003
8966258.013
8966562.001
8966648.004
8966662.014
8966665.004
8966683.014
8966699.011
8967465.001
8967477.004
8967479.014
8967513.011
8967745.002
8967760.012
8967857.003
8967930.013
8968020.003
8968036.013
8968140.002
8968182.012
8968292.003
8968337.013
8968356.003
8968364.013
8968426.003
8968430.013
8968431.003
8968493.006
8968499.016
8968531.013
8968829.102
8969087.003
8969088.023
8969092.013
8969108.033
8969110.003
8969143.006
8969191.016
8969211.013
8971153.003
8971210.013
8971558.002
8971570.012
8971693.003
8971729.006
8971731.016
8971745.006
8971746.016
8971764.006
8971766.016
8971770.006
8971784.016
8971788.006
8971792.016
8971793.006
8971796.016
8971799.006
8971803.016
8971804.006
8971806.016
8971810.006
8971821.016
8971823.006
8971836.016
8971838.006
8971849.016
8971851.006
8971853.016
8971856.006
8971857.016
8971859.006
8971866.016
8971868.006
8971879.016
8971884.006
8971901.016
8971916.006
8971919.016
8971920.006
8971922.016
8971978.013
8972138.001
8972241.004
8972246.014
8972248.004
8972249.014
8972253.004
8972272.014
8972295.011
8972322.001
8972328.011
8972696.001
8972713.011
8972725.001
8972728.011
8972825.002
8972853.012
8972937.003
8972960.006
8972964.016
8973003.006
8973005.016
8973062.013
8973092.003
8973103.013
8973107.003
8973111.013
8973533.001
8973596.004
8973602.014
8973607.004
8973609.014
8973653.011
8973992.001
8974029.011
8974342.003
8974384.013
8979340.003
8979392.013
8979606.001
8979638.011
8982187.003
8982238.013
8989376.102
8994952.101
9060044.003
9060045.023
9060065.033
9060119.006
9060120.016
9060140.013
9061382.003
9061436.013
9061646.003
9061670.013
9061821.001
9061822.021
9061842.031
9061867.004
9061894.014
9061916.011
9063164.001
9063200.011
9063575.001
9063646.011
9063800.002
9063809.101
9063823.012
9063935.003
9063951.006
9063953.016
9064004.013
9064107.003
9064137.013
9064316.001
9064317.021
9064337.031
9064342.004
9064347.014
9064359.004
9064361.014
9064366.004
9064400.014
9064434.011
9065395.001
9065430.011
9066745.001
9066806.011
9066808.001
9066812.011
9066825.001
9066829.011
9067072.102
9067185.002
9067216.012
9067377.003
9067378.023
9067398.033
9067436.006
9067459.016
9067476.013
9068347.003
9068395.013
9068585.003
9068626.013
9069085.003
9069124.013
9069294.001
9069344.011
9069349.001
9069357.011
9069370.001
9069378.011
9069389.001
9069408.011
9069707.001
9069725.011
9070163.003
9070219.013
9070501.102
9070595.001
9070626.004
9070631.014
9070653.011
9072489.003
9072490.023
9072510.033
9072516.006
9072519.016
9072535.006
9072560.016
9072583.013
9073866.003
9073903.013
9074499.003
9074549.013
9074715.001
9074763.011
9074777.001
9074792.011
9074794.001
9074795.011
9074799.001
9074858.004
9074874.014
9074883.011
9078151.003
9078187.006
9078192.016
9078235.013
9078237.003
9078238.013
9078239.003
9078246.013
9078412.001
9078435.011
9078442.001
9078451.011
9080399.003
9080450.013
9081328.003
9081360.013
9081458.001
9081493.011
9081507.001
9081537.011
9084802.003
9084836.013
9087011.102
9087960.003
9087961.023
9087981.033
9088018.006
9088045.016
9088051.006
9088053.016
9088074.013
9089088.003
9089137.013
9089401.003
9089437.013
9089686.001
9089740.011
9091383.003
9091397.006
9091398.016
9091430.013
9093342.003
9093376.013
9099618.002
9099622.012
9099691.003
9099730.013
9104570.102
9106857.003
9106858.023
9106878.033
9106906.006
9106908.016
9106910.006
9106933.016
9106956.013
9108053.102
9108275.101
9108541.003
9108542.023
9108562.033
9108606.006
9108619.016
9108639.013
9109884.003
9109924.013
9110186.001
9110187.021
9110207.031
9110228.004
9110229.014
9110232.004
9110262.014
9110286.011
9114797.102
9117312.003
9117313.023
9117333.033
9117364.006
9117366.016
9117367.006
9117394.016
9117422.013
9118391.003
9118448.013
9118644.001
9118686.011
9125321.003
9125364.013
9125729.102
9129322.003
9129323.023
9129343.033
9129379.006
9129394.016
9129416.013
9130514.003
9130547.013
9132840.101
9135011.102
9135089.003
9135090.023
9135110.033
9135143.006
9135174.016
9135194.013
9136076.003
9136107.013
9136373.001
9136374.021
9136394.031
9136411.004
9136438.014
9136472.011
9138356.003
9138425.013
9144165.003
9144178.013
9144264.102
9147520.003
9147521.023
9147541.033
9147573.006
9147605.016
9147632.013
9150010.102
9151924.101
9153738.003
9153739.023
9153755.006
9153757.016
9153759.033
9153791.006
9153803.016
9153824.013
9162126.003
9162147.013
9162156.003
9162203.013
9165527.003
9165579.013
9165822.001
9165823.021
9165843.031
9165855.004
9165856.014
9165925.011
9166372.102
9177250.003
9177251.023
9177271.033
9177310.006
9177333.016
9177359.006
9177371.016
9177373.006
9177376.016
9177394.013
9178418.003
9178449.013
9178629.001
9178674.011
9179428.101
9180060.102
9186995.003
9186996.023
9187003.006
9187004.016
9187016.033
9187097.013
9194984.003
9194999.013
9195023.003
9195046.013
9198079.003
9198088.006
9198096.016
9198106.006
9198107.016
9198156.013
9198321.001
9198322.021
9198342.031
9198360.004
9198365.014
9198368.004
9198374.014
9198381.004
9198385.014
9198390.004
9198412.014
9198431.011
9200323.102
9203431.003
9203432.023
9203452.033
9203453.006
9203456.016
9203478.006
9203480.016
9203485.006
9203496.016
9203515.013
9204762.102
9204846.003
9204847.023
9204862.006
9204864.016
9204867.006
9204867.033
9204869.016
9204895.006
9204911.016
9204935.013
9206455.102
9206457.003
9206458.023
9206478.033
9206503.006
9206505.016
9206507.006
9206508.016
9206509.006
9206541.016
9206564.013
9208379.003
9208475.013
9211011.101
9214551.003
9214594.013
9214915.001
9214916.021
9214936.031
9214960.004
9214986.014
9215013.011
9216282.002
9216298.012
9216383.003
9216410.013
9220113.101
9221927.102
9226838.003
9226839.023
9226859.033
9226888.006
9226906.016
9226934.013
9228197.003
9228240.013
9228379.001
9228380.021
9228400.031
9228426.004
9228446.014
9228468.011
9232205.003
9232233.013
9241068.003
9241148.013
9241260.001
9241302.011
9241366.001
9241389.011
9244220.003
9244244.013
9244384.001
9244394.011
9248354.102
9249555.003
9249556.023
9249576.006
9249576.033
9249577.016
9249596.006
9249628.016
9249662.013
9252136.101
9260249.102
9260937.003
9260938.023
9260958.033
9260987.006
9261009.016
9261027.013
9262130.102
9262326.003
9262327.023
9262347.033
9262387.006
9262389.016
9262392.006
9262406.016
9262425.013
9263566.003
9263575.006
9263578.016
9263624.013
9263815.001
9263816.021
9263836.031
9263846.004
9263854.014
9263860.004
9263861.014
9263884.004
9263905.014
9263930.011
9267758.101
9268982.102
9271577.003
9271578.023
9271598.033
9271633.006
9271636.016
9271637.006
9271660.016
9271680.013
9273157.003
9273194.013
9273304.001
9273305.021
9273325.031
9273327.004
9273330.014
9273361.004
9273391.014
9273408.011
9275696.101
9280522.102
9283034.051
3
24
17
3
25
17
M011
k
1
3
12
42
49
0
00
00
250
7
222
0
0
0
0
0
0
9283035.111
9283035.112
9381311.003
9381391.013
9496245.003
9496316.013
9496732.001
9496756.011
9496830.001
9496855.011
9496876.001
9496902.011
9497031.002
9497058.012
9497067.002
9497079.012
9497190.003
9497222.013
9499547.002
9499560.012
9499695.003
9499710.006
9499713.016
9499744.013
9500047.001
9500048.011
9500050.001
9500127.011
9587353.003
9587420.013
9591087.001
9591128.011
9591206.002
9591224.012
9591310.003
9591349.013
9593891.003
9593915.013
9596243.002
9596250.012
9596358.003
9596386.013
9596480.001
9596499.011
9596553.001
9596566.011
9602654.003
9602687.013
9602750.003
9602767.013
9610549.003
9610592.013
9613574.003
9613609.013
9627149.003
9627170.013
9628873.003
9628902.013
9633097.003
9633117.013
9641029.003
9641054.013
9647995.003
9648018.013
9665326.003
9665355.013
9665478.001
9665497.011
9668036.003
9668062.013
9668200.001
9668206.011
9672693.002
9672741.012
9672829.003
9672855.013
9672976.003
9673069.006
9673070.016
9673081.013
9673204.001
9673272.011
9673294.001
9673330.011
9680881.003
9680912.013
9690517.003
9690543.013
9691453.002
9691545.012
9691550.002
9691560.012
9691816.003
9691884.006
9691984.016
9692006.013
9692838.001
9692892.011
9694800.003
9694834.013
9713897.002
9713922.012
9714083.003
9714114.013
9720233.003
9720275.013
9720395.001
9720411.011
9721736.003
9721775.013
9730219.003
9730256.013
9744589.003
9744614.013
9744806.001
9744831.011
9755406.003
9755433.013
9757904.003
9757939.013
9769471.003
9769493.013
9784387.002
9784407.012
9784428.002
9784429.012
9784446.002
9784482.012
9784495.002
9784581.012
9784584.002
9784612.012
9784928.003
9784959.013
9785148.001
9785169.011
9843234.003
9843262.013
9858758.001
9858774.011
9859325.002
9859348.012
9859356.002
9859419.012
9859566.003
9859589.013
9860378.002
9860395.012
9860540.003
9860567.006
9860568.016
9860596.013
9871431.003
9871472.013
9886206.002
9886223.012
9888443.003
9888469.013
9889906.003
9889932.013
9895535.001
9895562.011
9895712.002
9895726.012
9895823.003
9895849.013
9910064.003
9910091.013
9912281.002
9912294.012
9912409.003
9912411.013
9912414.003
9912434.013
9920704.003
9920733.013
9926922.002
9926933.012
9927015.003
9927047.013
9934654.001
9934667.011
9936243.003
9936284.013
9936424.003
9936455.013
9942262.003
9942297.013
9949830.003
9949874.013
9955285.001
9955329.011
9955407.002
9955470.012
9955471.002
9956097.012
9956272.002
9956287.012
9956385.002
9956405.012
9956414.002
9956430.012
9956432.002
9956682.012
9957282.003
9957317.013
9963577.002
9963584.012
9963615.002
9963699.012
9963721.002
9964469.012
9966869.002
9967371.012
9967544.003
9967581.013
9971729.003
9971762.013
9971796.003
9971842.013
9977968.003
9977993.013
3
25
17
3
25
17
M011
k
1
3
16
26
58
0
00
00
250
7
800
0
0
0
0
0
0
601.003
620.013
8401.001
8413.011
8838.003
8850.013
8852.003
8859.013
21865.003
21903.013
27590.002
27621.012
27718.003
27746.013
34733.003
34753.013
35869.003
35895.013
57258.002
57280.012
58888.003
58944.006
58951.016
58964.006
59033.016
59051.013
59267.001
59294.011
74741.002
74755.012
74836.003
74866.013
99298.003
99376.013
99586.001
99619.011
104623.003
104652.013
149089.003
149164.013
169682.003
169722.013
171882.002
171908.012
171909.002
171921.012
172010.003
172041.013
363231.003
363328.013
363353.003
363358.013
363535.001
363616.011
363645.001
363649.011
363650.001
363655.011
456892.003
456972.006
456976.016
457014.013
457160.001
457222.004
457223.014
457229.004
457230.014
457265.011
457285.001
457286.011
467395.003
467465.013
467589.001
467629.011
536629.003
536710.013
536721.003
536729.013
536883.001
536932.011
536947.001
537022.004
537026.014
537029.004
537037.014
537044.004
537045.014
537058.011
537236.002
537264.012
537358.003
537437.013
537873.002
537925.012
538058.003
538200.013
538366.001
538390.011
538952.003
539054.013
612552.003
612659.013
612666.003
612684.013
612687.003
612695.013
612762.003
612783.013
612905.001
612970.011
612976.001
613042.011
704302.003
704387.013
704569.001
704620.011
704761.001
704796.011
707594.003
707681.013
707690.003
707696.013
710289.002
710304.012
710388.003
710445.013
712563.003
712594.013
725273.003
725323.013
725505.001
725529.011
737200.003
737231.006
737239.016
737270.013
738075.042
738075.1
80
1
360
1
0.006944
738075.11
740421.002
740440.012
740455.002
740459.012
740530.003
740570.013
741632.001
741667.004
741668.014
741687.011
742186.003
742226.013
757115.101
759166.003
759199.006
759202.016
759288.013
759459.001
759460.021
759480.031
759505.004
759507.014
759508.004
759549.014
759577.011
761308.101
761518.001
761519.021
761539.031
761565.004
761625.014
761655.011
763016.001
763080.011
763861.001
763925.011
764388.002
764430.012
764605.003
764634.006
764646.016
764648.006
764654.016
764729.013
764866.001
764996.011
765724.101
766325.003
766340.006
766342.016
766362.006
766364.016
766416.013
769636.003
769702.013
772182.003
772194.006
772199.016
772225.013
773960.003
773997.013
780531.003
780544.006
780545.016
780573.013
782494.003
782536.013
784497.003
784524.013
827755.102
909461.003
909462.023
909482.033
909510.006
909512.016
909515.006
909539.016
909543.006
909553.016
909559.006
909560.016
909584.013
910007.003
910117.013
910246.003
910276.013
910492.001
910493.021
910513.031
910538.004
910539.014
910540.004
910579.014
910599.011
912606.001
912673.011
913621.001
913682.011
913684.001
913692.011
913697.001
913699.011
914121.003
914213.013
914330.002
914376.012
914486.003
914510.013
914871.001
914907.004
914920.014
914951.011
914987.001
915016.011
915313.001
915371.011
915376.001
915383.011
915399.001
915424.011
915784.002
915794.012
915876.003
915915.006
915922.016
915963.013
915964.003
915974.013
916870.002
916900.012
917000.001
917117.004
917132.014
917170.011
918473.003
918518.006
918522.016
918565.013
918578.003
918584.013
918751.001
918855.004
918922.014
918938.011
919466.003
919487.013
920329.001
920348.011
921179.003
921300.013
921305.003
921309.013
921658.001
921694.011
924115.102
932527.101
986272.003
986273.023
986293.033
986324.006
986408.016
986447.013
988413.003
988513.013
988692.003
988720.013
988874.001
988875.021
988895.031
988921.004
988923.014
988924.004
988950.014
988974.011
990249.101
990398.001
990399.021
990419.031
990452.004
990530.014
990556.011
991979.001
992044.011
992870.001
992973.011
992975.001
992995.011
993801.002
993818.012
993948.003
993962.006
993965.016
993993.006
993999.016
994012.006
994020.016
994030.006
994031.016
994034.006
994035.016
994037.006
994041.016
994049.006
994053.016
994057.006
994069.016
994073.006
994099.016
994120.006
994126.016
994139.006
994143.016
994181.013
994349.001
994398.011
994429.001
994451.011
994794.001
994829.011
994835.001
994879.011
995210.003
995270.013
995977.003
995995.006
995997.016
996028.013
996287.102
996854.001
996879.011
997123.001
997146.011
997148.001
997158.011
997163.001
997181.011
997314.003
997315.023
997335.033
997363.006
997397.016
997426.013
999147.003
999228.013
1000370.003
1000411.013
1000968.003
1000998.013
1001483.001
1001564.011
1001868.003
1001882.006
1001883.016
1001921.013
1002316.003
1002346.013
1003857.003
1003939.013
1024469.101
1035406.102
1050908.003
1050909.023
1050929.033
1050966.006
1050992.016
1050994.006
1050997.016
1050998.006
1051000.016
1051003.006
1051029.016
1051046.013
1052352.001
1052353.021
1052373.031
1052396.004
1052399.014
1052404.004
1052433.014
1052451.011
1053912.001
1053959.011
1054801.003
1054918.013
1055144.001
1055211.011
1055234.001
1055316.011
1056257.003
1056309.013
1056643.003
1056674.006
1056679.016
1056709.013
1057447.001
1057470.011
1057785.002
1057799.012
1057887.003
1057914.013
1059136.003
1059186.013
1059365.001
1059382.101
1059384.021
1059404.031
1059436.004
1059466.014
1059494.011
1061462.001
1061523.011
1063784.001
1063857.011
1063869.001
1063875.011
1064905.003
1064946.013
1065109.003
1065122.006
1065123.016
1065147.013
1068616.101
1089241.102
1097129.003
1097130.023
1097150.033
1097177.006
1097179.016
1097183.006
1097204.016
1097211.006
1097213.016
1097248.013
1098881.003
1098932.013
1099414.001
1099415.021
1099435.031
1099460.004
1099544.014
1099561.011
1101196.001
1101238.011
1102545.001
1102614.011
1103070.002
1103145.012
1103264.003
1103277.006
1103283.016
1103308.006
1103315.016
1103344.006
1103351.016
1103352.006
1103356.016
1103357.006
1103360.016
1103361.006
1103375.016
1103377.006
1103394.016
1103396.006
1103403.016
1103413.006
1103414.016
1103420.006
1103448.016
1103450.006
1103457.016
1103464.006
1103466.016
1103492.006
1103502.016
1103549.013
1103712.001
1103758.011
1103763.001
1103765.011
1103767.001
1103809.004
1103822.014
1103884.011
1104151.003
1104210.013
1104216.003
1104223.013
1106313.003
1106349.013
1106501.001
1106563.011
1106580.001
1106612.011
1107764.101
1130519.102
1206532.003
1206533.023
1206553.033
1206582.006
1206630.016
1206651.013
1208202.003
1208278.013
1208539.003
1208542.013
1208545.003
1208555.013
1208717.001
1208718.021
1208738.031
1208878.011
1209301.003
1209340.013
1209563.003
1209594.013
1209611.003
1209647.013
1211387.003
1211436.013
1211634.001
1211709.011
1211730.001
1211734.011
1211757.001
1211780.011
1214727.101
1223197.102
1230756.003
1230757.023
1230777.033
1230809.006
1230839.016
1230861.013
1232275.003
1232358.006
1232363.016
1232398.013
1232656.001
1232657.021
1232677.031
1232696.004
1232737.014
1232762.011
1234223.001
1234279.011
1235131.101
1235209.002
1235220.012
1235446.002
1235480.012
1235944.003
1236002.006
1236020.016
1236068.013
1236069.003
1236087.013
1236105.003
1236125.013
1236457.001
1236458.021
1236478.031
1236503.004
1236531.014
1236556.011
1238411.001
1238485.011
1238516.001
1238592.011
1239444.003
1239482.013
1246993.102
1254616.101
1264750.003
1264751.023
1264771.033
1264805.006
1264807.016
1264810.006
1264908.016
1264909.006
1264913.016
1264924.006
1264927.016
1264942.006
1264962.016
1264971.006
1265001.016
1265022.013
1266832.003
1266949.013
1267204.001
1267205.021
1267225.031
1267262.004
1267300.014
1267318.011
1269193.001
1269240.011
1269243.001
1269244.011
1269396.002
1269401.012
1269527.003
1269560.006
1269565.016
1269587.006
1269592.016
1269598.006
1269622.016
1269623.006
1269641.016
1269671.006
1269675.016
1269683.006
1269725.016
1269752.006
1269757.016
1269762.006
1269765.016
1269796.013
1270048.003
1270093.013
1270101.003
1270109.013
1270308.001
1270352.011
1270356.001
1270366.011
1270369.001
1270372.011
1270375.001
1270446.011
1270492.001
1270533.011
1271103.003
1271122.013
1271362.101
1272066.001
1272067.021
1272087.031
1272096.004
1272099.014
1272117.004
1272118.014
1272123.004
1272152.014
1272175.011
1272252.101
1273619.001
1273620.021
1273640.031
1273645.004
1273647.014
1273653.004
1273656.014
1273675.004
1273701.014
1273725.011
1275306.001
1275320.004
1275326.014
1275327.004
1275331.014
1275397.011
1276064.001
1276082.011
1276103.001
1276128.011
1281485.001
1281545.011
1281553.001
1281555.011
1281556.001
1281559.011
1282153.002
1282168.012
1282181.002
1282200.012
1282439.003
1282466.006
1282470.016
1282527.013
1282911.003
1282935.013
1283061.001
1283104.011
1283106.001
1283110.011
1283116.001
1283130.011
1283163.001
1283192.011
1283878.003
1283904.013
1288586.003
1288621.013
1289892.101
1290250.003
1290282.013
1325289.102
1360796.003
1360797.023
1360817.033
1360848.006
1360866.016
1360892.013
1362373.003
1362420.013
1362466.003
1362524.013
1362767.001
1362768.021
1362788.031
1362823.004
1362826.014
1362834.004
1362958.014
1362988.011
1363985.101
1364236.001
1364237.021
1364257.031
1364278.004
1364280.014
1364284.004
1364330.014
1364353.011
1366659.001
1366753.011
1367426.001
1367437.011
1367733.003
1367760.013
1367845.001
1367846.011
1369956.101
1372861.102
1377223.003
1377224.023
1377244.033
1377278.006
1377310.016
1377331.013
1378821.003
1378856.013
1379039.001
1379040.021
1379060.031
1379082.004
1379100.014
1379136.011
1380407.001
1380449.011
1384413.003
1384450.013
1384468.003
3
25
17
3
25
17
M011
k
1
3
16
26
58
0
00
00
250
7
800
0
0
0
0
0
0
1384490.013
1389692.101
1412290.102
1431250.003
1431251.023
1431271.033
1431310.006
1431312.016
1431316.006
1431333.016
1431360.013
1433003.003
1433074.013
1433347.001
1433348.021
1433368.031
1433384.004
1433390.014
1433394.004
1433398.014
1433400.004
1433417.014
1433436.011
1435140.001
1435199.011
1435802.001
1435829.011
1436967.003
1437003.013
1439794.003
1439823.013
1444841.101
1482552.102
1498460.003
1498461.023
1498481.033
1498507.006
1498509.016
1498510.006
1498565.016
1498577.006
1498591.016
1498611.013
1500541.003
1500617.006
1500619.016
1500640.006
1500643.016
1500697.013
1500855.001
1500856.021
1500876.031
1500900.004
1500920.014
1500944.011
1502163.001
1502207.011
1502803.001
1502842.011
1503412.003
1503446.013
1503724.003
1503762.013
1504485.001
1504487.011
1504488.001
1504513.011
1515298.101
1521204.003
1521232.006
1521236.016
1521302.013
1521451.001
1521452.021
1521472.031
1521504.004
1521527.014
1521563.011
1523563.001
1523621.011
1530272.003
1530352.013
1533933.003
1533961.013
1534154.001
1534206.011
1534207.001
1534210.011
1534241.001
1534258.011
1538012.101
1541651.003
1541701.013
1543052.003
1543078.013
1545522.003
1545545.013
1547951.102
1556038.003
1556039.023
1556059.033
1556108.006
1556125.016
1556165.013
1557591.003
1557632.013
1558018.102
1559726.003
1559727.023
1559747.033
1559779.006
1559780.016
1559805.006
1559826.016
1559853.013
1561452.003
1561499.013
1561831.001
1561832.021
1561852.031
1561876.004
1561879.014
1561889.004
1561923.014
1561939.011
1566248.101
1570733.003
1570782.013
1573197.003
1573207.006
1573211.016
1573226.013
1573326.001
1573327.021
1573347.031
1573374.004
1573394.014
1573427.011
1573745.101
1574797.001
1574798.021
1574817.004
1574818.031
1574821.014
1574840.004
1574862.014
1574888.011
1576687.001
1576736.011
1582193.101
1582787.001
1582788.021
1582808.031
1582813.004
1582818.014
1582838.004
1582839.014
1582841.004
1582844.014
1582852.004
1582887.014
1582909.011
1584102.001
1584131.011
1584370.002
1584376.012
1584631.003
1584668.013
1588080.003
1588103.013
1589538.003
1589550.013
1590297.003
1590316.013
1593170.101
1593200.003
1593233.013
1598714.003
1598748.013
1598799.003
1598816.013
1598917.001
1598918.021
1598937.004
1598938.031
1598940.014
1598951.004
1598960.014
1598962.004
1598966.014
1598970.004
1598993.014
1599020.011
1601871.001
1601919.011
1601954.102
1602238.002
1602305.012
1602715.003
1602716.023
1602736.033
1602764.006
1602800.016
1602829.013
1603096.101
1603986.003
1604019.013
1605851.003
1605867.006
1605869.016
1605909.013
1606265.001
1606266.021
1606286.031
1606305.004
1606306.014
1606322.004
1606323.014
1606346.011
1606450.101
1615635.003
1615663.013
1617849.003
1617864.013
1621199.003
1621224.013
1627468.003
1627518.013
1627541.003
1627545.013
1627658.001
1627659.021
1627679.031
1627680.004
1627687.014
1627697.004
1627726.014
1627748.011
1629538.001
1629552.004
1629553.014
1629587.011
1631492.002
1631570.012
1637998.003
1638029.013
1638896.001
1638908.004
1638911.014
1638940.011
1639136.001
1639164.011
1639554.001
1639574.011
1646184.101
1646866.003
1646887.006
1646888.016
1646925.013
1647090.003
1647113.013
1647248.001
1647249.021
1647269.031
1647282.004
1647284.014
1647288.004
1647315.014
1647336.011
1648710.001
1648736.011
1650721.102
1652098.101
1653537.003
1653538.023
1653558.033
1653591.006
1653637.016
1653663.013
1655172.003
1655224.013
1658109.003
1658124.006
1658128.016
1658149.013
1658308.001
1658309.021
1658329.031
1658334.004
1658386.014
1658415.011
1661341.101
1663107.003
1663142.013
1669806.003
1669834.013
1669961.001
1669962.021
1669977.004
1669982.031
1669989.014
1669991.004
1669995.014
1670002.004
1670009.014
1670013.004
1670016.014
1670018.004
1670053.014
1670075.011
1671978.102
1672366.001
1672412.011
1673312.003
1673313.023
1673333.033
1673370.006
1673396.016
1673419.013
1678419.101
1679309.003
1679318.006
1679322.016
1679348.013
1679381.003
1679407.013
1679499.001
1679500.021
1679517.004
1679520.031
1679535.014
1679542.004
1679567.014
1679587.011
1680745.101
1684445.003
1684478.013
1684633.001
1684634.021
1684654.004
1684654.031
1684662.014
1684677.004
1684679.014
1684688.004
1684714.014
1684736.011
1690857.101
1698468.102
1698945.003
1698946.023
1698966.033
1699008.006
1699041.016
1699069.013
1700879.003
1700919.013
1701100.001
1701101.021
1701121.031
1701127.004
1701172.014
1701188.011
1703059.001
1703104.011
1703372.001
1703393.011
1704241.003
1704256.006
1704259.016
1704272.006
1704273.016
1704339.013
1704426.003
1704438.013
1704450.003
1704467.013
1704519.003
1704538.013
1704663.001
1704706.011
1706624.003
1706645.013
1706648.003
1706651.013
1706656.003
1706676.013
1707897.003
1707914.006
1707918.016
1707922.006
1707924.016
1707949.006
1707950.016
1707953.006
1707960.016
1707964.006
1707972.016
1707973.006
1707978.016
1707984.006
1708000.016
1708017.006
1708020.016
1708022.006
1708043.016
1708047.006
1708055.016
1708057.006
1708063.016
1708075.006
1708085.016
1708087.006
1708112.016
1708118.006
1708122.016
1708149.013
1708257.001
1708305.011
1708313.001
1708328.011
1708333.001
1708362.011
1708365.001
1708385.011
1710142.101
1714020.003
1714057.013
1714163.001
1714164.021
1714183.004
1714184.031
1714191.014
1714192.004
1714199.014
1714210.004
1714247.014
1714272.011
1715019.101
1715785.001
1715786.021
1715806.004
1715806.031
1715807.014
1715827.004
1715828.014
1715837.004
1715878.014
1715881.004
1715891.014
1715910.011
1716885.102
1720307.001
1720323.004
1720326.014
1720355.011
1720600.002
1720616.012
1720830.003
1720831.023
1720840.013
1720851.033
1720852.003
1720892.006
1720894.016
1720897.006
1720912.016
1720933.013
1722172.003
1722173.013
1722174.003
1722209.013
1722384.001
1722431.011
1724116.001
1724173.011
1729996.101
1732738.003
1732796.013
1736299.102
1737240.003
1737241.023
1737258.006
1737261.016
1737261.033
1737301.006
1737325.016
1737355.013
1738831.003
1738867.013
1739073.001
1739074.021
1739094.031
1739111.004
1739143.014
1739177.011
1747484.003
1747504.013
1750077.003
1750090.006
1750094.016
1750118.013
1750168.102
1750254.003
1750255.023
1750262.013
1750268.003
1750275.033
1750281.006
1750285.016
1750315.006
1750350.016
1750370.013
1750857.102
1752035.003
1752036.023
1752049.006
1752051.016
1752056.033
1752064.006
1752066.016
1752110.006
1752111.016
1752132.013
1753334.003
1753365.013
1753560.001
1753611.011
1754074.002
1754177.012
1754633.003
1754665.013
1759420.003
1759432.006
1759434.016
1759458.013
1760743.101
1764165.001
1764166.021
1764186.031
1764189.004
1764190.014
1764203.004
1764205.014
1764220.004
1764223.014
1764237.004
1764239.014
1764266.011
1766090.003
1766091.013
1766095.003
1766162.013
1766165.003
1766166.013
1766170.003
1766184.013
1766192.003
1766201.013
1766444.001
1766477.011
1767103.101
1781926.003
1781985.006
1781991.016
1782007.006
1782009.016
1782011.006
1782012.016
1782013.006
1782019.016
1782026.006
1782028.016
1782035.006
1782037.016
1782040.006
1782042.016
1782046.006
1782080.016
1782103.006
1782110.016
1782112.006
1782122.016
1782133.006
1782146.016
1782177.013
1782306.001
1782307.021
1782317.011
1782322.001
1782327.031
1782338.004
1782341.014
1782351.004
1782375.014
1782395.011
1784191.003
1784252.013
1784285.003
1784320.006
1784324.016
1784328.006
1784333.016
1784339.006
1784457.016
1784483.013
1785155.003
1785189.006
1785193.016
1785198.006
1785226.016
1785248.013
1785741.003
1785782.013
1788003.003
1788032.013
1788184.001
1788240.011
1788554.002
1788574.012
1788688.003
1788706.013
1788766.003
1788793.013
1794916.003
1794953.013
1795091.001
1795122.011
1795184.001
1795207.011
1797159.101
1799665.102
1799899.003
1799900.023
1799915.006
1799920.016
1799920.033
1799954.006
1799985.016
1800007.013
1801534.003
1801546.006
1801548.016
1801573.013
1805459.003
1805474.006
1805478.016
1805502.013
1805814.001
1805815.021
1805829.004
1805830.014
1805835.031
1805839.004
1805845.014
1805849.004
1805855.014
1805866.004
1805896.014
1805915.011
1807394.003
1807427.013
1807919.003
1807940.006
1807941.016
1807962.013
1808115.001
1808132.011
1808195.001
1808206.011
1808215.001
1808228.011
1808230.001
1808237.011
1813999.003
1814004.013
1814038.003
1814048.006
1814052.016
1814076.013
1814096.003
1814116.013
1814236.001
1814252.011
1814281.001
1814301.011
1814345.001
1814381.011
1815220.102
1817793.101
1818858.003
1818859.023
1818879.033
1818883.006
1818885.016
1818908.006
1818935.016
1818960.013
1820392.003
1820447.013
1820623.001
1820624.021
1820644.031
1820663.004
1820685.014
1820705.011
1827228.003
1827261.013
1829097.101
1836864.003
1836903.013
1836958.003
1836992.013
1837092.001
1837093.021
1837113.004
1837113.031
1837116.014
1837118.004
1837124.014
1837135.004
1837157.014
1837183.011
1838889.001
1838926.011
1844821.101
1854298.003
1854339.013
1854540.001
1854541.021
1854561.031
1854570.004
1854572.014
1854587.004
1854588.014
1854594.004
1854618.014
1854643.011
1856475.003
1856525.013
1856526.003
1856543.013
1856569.003
1856603.013
1859547.102
1859681.101
1862065.003
1862066.023
1862084.006
1862086.016
1862086.033
1862119.006
1862121.016
1862133.006
1862134.016
1862159.013
1863855.003
1863897.013
1864092.001
1864093.021
1864109.004
1864112.014
1864113.031
1864148.004
1864186.014
1864208.011
1864722.102
1868154.101
1870288.003
1870289.023
1870309.033
1870347.006
1870349.016
1870356.006
1870409.016
1870430.013
1871490.001
1871491.021
1871506.004
1871508.014
1871511.031
1871528.004
1871553.014
1871584.011
1873338.001
1873368.011
1874693.102
1875821.101
1876727.003
1876728.023
1876748.006
1876748.033
1876751.016
1876781.006
1876796.016
1876815.013
1879286.102
1891377.003
1891378.023
1891398.033
