3
24
17
3
25
17
M004
k
1
4
12
35
45
0
00
00
250
7
800
0
0
0
0
0
0
3565512.049
3565512.111
3565512.112
3565512.027
3568626.001
3568682.011
3568764.001
3568813.011
3568853.001
3568900.004
3568903.014
3568931.011
3568967.001
3569054.011
3569098.001
3569149.011
3569189.001
3569276.011
3569323.001
3569341.011
3569427.001
3569469.011
3569647.003
3569671.013
3569682.003
3569690.013
3569800.001
3569825.004
3569828.014
3569829.004
3569830.014
3569858.011
3569919.001
3569930.004
3569932.014
3569939.004
3569971.014
3569976.004
3569980.014
3569981.004
3569989.014
3570029.011
3570089.001
3570208.011
3570380.001
3570438.011
3570443.001
3570446.011
3570456.001
3570487.011
3570647.003
3570784.013
3570789.003
3570855.013
3570871.003
3570937.013
3571025.001
3571043.011
3571063.001
3571078.004
3571083.014
3571114.011
3571176.001
3571251.011
3571278.001
3571314.011
3571343.001
3571368.011
3571485.001
3571520.011
3571525.001
3571531.011
3571667.002
3571688.012
3571690.002
3571699.012
3571823.003
3571893.013
3571897.003
3571940.013
3571955.003
3572081.013
3572230.003
3572259.013
3572348.001
3572384.004
3572391.014
3572392.004
3572399.014
3572402.004
3572433.014
3572457.004
3572461.014
3572488.011
3572490.001
3572498.011
3572537.001
3572575.011
3572949.002
3572986.012
3573082.003
3573195.013
3573216.003
3573223.013
3573366.003
3573392.013
3573477.001
3573490.004
3573491.014
3573495.004
3573496.014
3573498.004
3573499.014
3573534.011
3573536.001
3573562.011
3573829.003
3573843.013
3573870.003
3573951.013
3575013.003
3575030.013
3575058.003
3575059.013
3575152.001
3575228.004
3575231.014
3575258.011
3576188.001
3576296.011
3576415.002
3576434.012
3576506.003
3576682.013
3576714.003
3576727.013
3576907.003
3576938.013
3577013.001
3577070.004
3577072.014
3577090.011
3578756.001
3578797.004
3578799.014
3578818.004
3578838.014
3578844.004
3578846.014
3578849.004
3578852.014
3578887.011
3578893.001
3578899.011
3579039.003
3579094.013
3579118.003
3579144.013
3581240.001
3581254.004
3581255.014
3581299.011
3581483.003
3581538.013
3581563.003
3581584.013
3581648.003
3581696.013
3581784.001
3581802.004
3581803.014
3581824.011
3581825.001
3581895.011
3582150.003
3582166.013
3584207.001
3584258.011
3584268.001
3584276.011
3584426.003
3584515.013
3584551.003
3584602.013
3584700.003
3584731.013
3584819.001
3584898.011
3587169.001
3587213.011
3587222.001
3587229.011
3587460.003
3587503.013
3587547.003
3587584.013
3587653.003
3587656.013
3587684.003
3587717.013
3590371.003
3590420.013
3590432.003
3590436.013
3593642.003
3593658.013
3593681.003
3593684.013
3593749.003
3593750.013
3593774.003
3593794.013
3593827.003
3593829.013
3595228.002
3595248.012
3595267.002
3595308.012
3595442.003
3595455.013
3595502.003
3595595.013
3595620.003
3595626.013
3595747.003
3595837.013
3595861.003
3595873.013
3595881.003
3596015.013
3596283.001
3596290.004
3596293.014
3596329.004
3596350.014
3596381.011
3596413.001
3596425.011
3596427.001
3596445.011
3596450.001
3596455.011
3606913.001
3606979.011
3607118.003
3607167.013
3607191.003
3607201.013
3613846.003
3613904.013
3614007.001
3614088.011
3618549.001
3618591.011
3618706.003
3618735.013
3618747.003
3618764.013
3618904.003
3618913.013
3619016.001
3619024.004
3619027.014
3619049.011
3625244.003
3625358.013
3627588.001
3627605.004
3627610.014
3627652.011
3630914.003
3630945.013
3631234.001
3631244.004
3631245.014
3631276.011
3634565.002
3634578.012
3634591.002
3634600.012
3634695.003
3634709.013
3634742.003
3634773.013
3634997.003
3635060.013
3635159.001
3635168.004
3635173.014
3635179.004
3635181.014
3635287.011
3635302.001
3635310.011
3636003.003
3636026.013
3636055.003
3636058.013
3636130.003
3636144.013
3636167.003
3636171.013
3636172.003
3636181.013
3636196.003
3636421.013
3636435.003
3636458.013
3637036.001
3637050.004
3637051.014
3637104.011
3643829.003
3643868.013
3643990.001
3644056.011
3651700.002
3651805.012
3651900.003
3651975.013
3652076.003
3652088.013
3652120.003
3652144.013
3653248.003
3653296.013
3673109.001
3673152.004
3673167.014
3673175.011
3673307.003
3673361.013
3673367.003
3673372.013
3678289.001
3678412.011
3678676.003
3678738.013
3680955.001
3681001.011
3681291.003
3681309.013
3682367.003
3682401.013
3684488.001
3684551.011
3684912.003
3684953.013
3684970.003
3684972.013
3688920.001
3688981.011
3689074.003
3689110.013
3691439.003
3691456.013
3691469.003
3691470.013
3694315.002
3694391.012
3694458.003
3694505.013
3695794.001
3695878.004
3695883.014
3695918.011
3711405.003
3711458.013
3711549.003
3711562.013
3711596.003
3711599.013
3712741.001
3712769.004
3712784.014
3712799.011
3723161.001
3723194.004
3723198.014
3723200.004
3723202.014
3723204.004
3723208.014
3723224.011
3723315.003
3723355.013
3728634.001
3728643.004
3728645.014
3728646.004
3728649.014
3728697.011
3728816.003
3728844.013
3728949.003
3728958.013
3745838.001
3745905.011
3746011.003
3746064.013
3746078.003
3746080.013
3746510.003
3746531.013
3746734.001
3746745.004
3746747.014
3746806.011
3828710.001
3828771.011
3828903.003
3828970.013
3829011.003
3829034.013
3829174.001
3829190.004
3829192.014
3829198.004
3829200.014
3829228.011
3829476.003
3829552.013
3831096.001
3831129.004
3831146.014
3831167.011
3831181.001
3831187.011
3831298.003
3831368.013
3831372.003
3831413.013
4098166.001
4098239.011
4098243.001
4098251.011
4098424.003
4098501.013
4098507.003
4098556.013
4098742.001
4098810.011
4105538.049
4105538.027
4156696.001
4156805.011
4156996.001
4157027.011
4157039.001
4157094.004
4157098.014
4157131.011
4157319.003
4157403.013
4157424.003
4157621.013
4157708.003
4157745.013
4158016.001
4158079.004
4158084.014
4158164.011
4158402.002
4158422.012
4158518.003
4158683.013
4160036.001
4160110.004
4160115.014
4160116.004
4160117.014
4160189.011
4160190.001
4160191.011
4160199.001
4160221.011
4282326.001
4282377.011
4282557.003
4282719.013
4282721.003
4282725.013
4282946.001
4283010.004
4283012.014
4283046.011
4348773.001
4348819.011
4348930.002
4348955.012
4349020.003
4349095.013
4349101.003
4349146.013
4349658.001
4349713.004
4349717.014
4349754.004
4349758.014
4349759.004
4349768.014
4349806.011
4350423.001
4350494.004
4350498.014
4350578.011
4350980.001
4351032.011
4351371.003
4351460.013
4369320.003
4369419.013
4379668.003
4379760.013
4379764.003
4379985.013
4380185.001
4380192.004
4380195.014
4380246.011
4383525.003
4383572.013
4383667.001
4383715.004
4383731.014
4383737.011
4391677.001
4391717.011
4391809.003
4391914.013
4395091.003
4395114.013
4396241.003
4396258.013
4417743.003
4417815.013
4417838.003
4417843.013
4418049.001
4418131.004
4418137.014
4418140.004
4418143.014
4418174.004
4418181.014
4418210.011
4418339.001
4418390.011
4418547.002
4418700.012
4418709.002
4418811.012
4418882.003
4419060.013
4419391.003
4419526.013
4419586.003
4419715.013
4420056.003
4420167.013
4420185.003
4420207.013
4420504.003
4420622.013
4420762.003
4421005.013
4422476.003
4422522.013
4422524.003
4422532.013
4422673.001
4422720.004
4422727.014
4422728.004
4422730.014
4422797.011
4423070.003
4423201.013
4425518.001
4425540.004
4425562.014
4425570.011
4425685.003
4425767.013
4439332.001
4439376.011
4439575.003
4439625.013
4443248.003
4443290.013
4443308.003
4443311.013
4443393.001
4443425.011
4456923.003
4456998.013
4457114.001
4457153.004
4457163.014
4457173.004
4457177.014
4457189.011
4460110.003
4460137.013
4460212.003
4460246.013
4460323.001
4460332.004
4460334.014
4460372.011
4463191.003
4463212.013
4464987.001
4465018.004
4465022.014
4465025.004
4465038.014
4465044.011
4483287.001
4483331.011
4483431.003
4483522.013
4485485.003
4485506.013
4485538.003
4485539.013
4485631.003
4485757.013
4485838.001
4485896.011
4488110.003
4488143.013
4493395.001
4493423.011
4493528.003
4493576.013
4497195.001
4497255.011
4497338.003
4497365.013
4503837.003
4503858.013
4504584.001
4504614.004
4504619.014
4504629.004
4504634.014
4504667.011
4504683.001
4504688.011
4504741.002
4504760.012
4505261.003
4505368.013
4505799.003
4505814.013
4505847.003
4505850.013
4506893.001
4506914.004
4506926.014
4506972.011
4506975.001
4506981.011
4509224.003
4509247.013
4515139.001
4515165.011
4515253.003
4515300.013
4515307.003
4515343.013
4518784.001
4518814.011
4527549.001
4527582.011
4527685.003
4527795.013
4528005.001
4528039.004
4528045.014
4528048.004
4528052.014
4528071.011
4536271.003
4536411.013
4536565.001
4536621.004
4536625.014
4536664.011
4542368.003
4542405.013
4544994.002
4544998.012
4545087.003
4545161.013
4545182.003
4545212.013
4545380.001
4545390.004
4545397.014
4545412.011
4550042.003
4550081.013
4553529.001
4553566.011
4553646.003
4553672.013
4556232.003
4556403.013
4556423.003
4556430.013
4556516.001
4556525.004
4556526.014
4556554.011
4560988.003
4561003.013
4565208.003
4565228.013
4574155.003
4574239.013
4575323.001
4575371.004
4575396.014
4575433.011
4575648.002
4576108.012
4576325.003
4576473.013
4576575.001
4576618.004
4576632.014
4576643.004
4576659.014
4576681.011
4578976.003
4579008.013
4583143.001
4583165.011
4584602.003
4584644.013
4588023.001
4588103.011
4588191.003
4588220.013
4598342.001
4598383.011
4598486.003
4598584.013
4605606.003
4605658.013
4605714.003
4605737.013
4605822.001
4605863.004
4605874.014
4605885.004
4605902.014
4605908.011
4612557.003
4612591.013
4618140.003
4618166.013
4619404.003
4619430.013
4626000.003
4626054.013
4626154.001
4626192.004
4626193.014
4626218.011
4643358.001
4643432.011
4643591.003
4643678.013
4649742.001
4649778.011
4649905.003
4649930.013
4650003.003
4650028.013
4655402.003
4655472.013
4669652.001
4669680.004
4669691.014
4669694.004
4669699.014
4669706.004
4669721.014
4669724.004
4669745.014
4669755.011
4669966.003
4670031.013
4670209.001
4670231.011
4674549.003
4674580.013
3
24
17
3
25
17
M004
k
1
4
12
35
45
0
00
00
250
7
800
0
0
0
0
0
0
4686942.003
4686968.013
4687062.001
4687071.004
4687081.014
4687098.004
4687101.014
4687133.011
4687194.002
4687211.012
4687293.003
4687340.013
4687364.003
4687366.013
4691836.001
4691868.011
4691990.003
4692148.013
4692189.003
4692223.013
4692307.003
4692338.013
4692421.001
4692437.004
4692439.014
4692442.004
4692446.014
4692448.004
4692450.014
4692472.004
4692474.014
4692496.011
4693059.001
4693100.011
4693110.001
4693114.011
4694239.003
4694264.013
4694536.001
4694577.004
4694598.014
4694603.011
4694980.001
4694995.011
4695031.001
4695034.011
4695644.001
4695661.011
4695676.001
4695677.011
4695689.001
4695725.011
4695726.001
4695755.004
4695758.014
4695787.004
4695814.014
4695832.011
4695842.001
4695848.011
4695986.003
4696046.013
4696047.003
4696049.013
4696053.003
4696143.013
4696153.003
4696154.013
4696156.003
4696229.013
4696313.001
4696338.004
4696374.014
4696375.004
4696376.014
4696400.011
4696403.001
4696425.011
4696428.001
4696497.004
4696537.014
4696605.011
4696866.003
4696984.013
4697199.001
4697213.004
4697214.014
4697271.004
4697275.014
4697317.011
4697340.001
4697345.011
4697530.002
4697865.012
4698089.003
4698849.013
4698868.003
4698870.013
4698871.003
4699019.013
4699186.003
4699430.013
4699435.003
4700584.013
4700584.006
4700585.016
4700587.003
4700971.013
4701164.003
4701389.013
4701393.003
4701606.013
4701681.003
4701748.013
4702037.003
4702191.013
4702192.006
4702193.016
4702201.003
4702415.013
4702537.001
4702548.004
4702550.014
4702610.004
4702614.014
4702652.004
4702666.014
4702670.004
4702672.014
4702740.011
4702753.001
4702756.011
4702758.001
4702766.011
4704541.001
4704598.004
4704600.014
4704626.011
4704722.003
4704797.013
4707725.001
4707763.004
4707766.014
4707798.011
4707895.003
4707943.013
4707946.003
4707949.013
4711385.001
4711435.011
4711550.003
4711627.013
4714441.001
4714482.004
4714486.014
4714514.011
4714634.003
4714657.013
4724936.001
4724978.011
4725163.003
4725250.013
4725260.003
4725264.013
4731045.001
4731082.004
4731085.014
4731152.011
4731245.003
4731341.013
4731948.003
4731971.013
4732047.001
4732081.011
4734985.001
4735014.011
4735117.003
4735152.013
4735157.003
4735160.013
4741883.001
4741972.011
4742142.003
4742174.013
4747376.001
4747412.004
4747414.014
4747438.011
4747552.003
4747586.013
4755887.003
4756041.013
4756341.001
4756378.004
4756391.014
4756401.004
4756415.014
4756433.011
4760483.001
4760529.011
4760675.003
4760701.013
4763146.001
4763184.011
4764576.003
4764649.013
4766568.002
4766587.012
4766619.002
4766627.012
4766636.002
4766640.012
4766729.003
4766746.013
4766750.003
4766790.013
4767863.003
4767904.013
4768003.001
4768013.004
4768014.014
4768024.004
4768026.014
4768032.004
4768036.014
4768145.011
4770663.001
4770716.011
4771671.003
4771721.013
4777787.001
4777875.011
4777994.003
4778033.013
4787427.001
4787502.011
4787631.003
4787718.013
4792582.003
4792599.013
4792683.001
4792695.004
4792698.014
4792721.011
4801686.001
4801721.011
4801812.003
4801903.013
4804126.003
4804151.013
4804236.001
4804244.004
4804250.014
4804273.011
4804538.003
4804581.013
4806218.003
4806235.013
4815772.003
4815927.013
4816019.001
4816035.004
4816040.014
4816057.004
4816061.014
4816080.011
4816370.003
4816554.013
4826505.001
4826545.011
4826723.003
4826769.013
4829866.001
4829899.004
4829904.014
4829924.011
4835376.003
4835412.013
4835518.001
4835540.011
4837087.003
4837118.013
4845006.001
4845044.011
4845152.003
4845237.013
4845384.001
4845392.004
4845399.014
4845416.004
4845417.014
4845438.004
4845445.014
4845459.011
4850349.001
4850387.011
4850481.003
4850519.013
4854862.001
4854904.011
4855036.003
4855108.013
4855113.003
4855119.013
4860265.001
4860342.011
4860431.003
4860461.013
4864523.001
4864592.011
4864685.003
4864749.013
4869141.001
4869178.011
4869272.003
4869355.013
4876427.003
4876456.013
4876604.003
4876638.013
4876768.001
4876790.004
4876794.014
4876821.011
4882483.001
4882509.011
4882604.003
4882684.013
4882686.003
4882810.013
4882924.003
4882952.013
4885218.003
4885232.013
4885323.001
4885330.004
4885335.014
4885365.011
4887183.003
4887212.013
4887299.001
4887338.011
4895120.001
4895174.011
4895319.003
4895399.013
4896081.002
4896102.012
4896212.001
4896253.011
4906782.001
4906821.011
4906867.001
4906884.011
4906991.003
4907074.013
4907938.001
4907979.004
4907982.014
4908010.004
4908028.014
4908046.011
4908328.001
4908370.004
4908416.014
4908418.004
4908457.014
4908505.004
4908515.014
4908519.004
4908554.014
4908575.011
4908639.001
4908650.004
4908656.014
4908657.004
4908705.014
4908706.004
4908707.014
4908726.004
4908809.014
4908810.004
4908904.014
4908905.004
4908909.014
4908913.004
4908918.014
4908947.004
4908955.014
4908958.004
4909016.014
4909024.004
4909052.014
4909053.004
4909060.014
4909079.011
4910559.001
4910580.004
4910582.014
4910598.004
4910627.014
4910630.004
4910642.014
4910653.004
4910704.014
4910706.004
4910715.014
4910721.004
4910724.014
4910726.004
4910733.014
4910807.011
4911307.001
4911316.004
4911355.014
4911388.011
4912235.001
4912247.004
4912262.014
4912263.004
4912297.014
4912303.004
4912333.014
4912339.004
4912397.014
4912402.004
4912405.014
4912409.004
4912465.014
4912522.011
4912565.001
4912576.004
4912581.014
4912583.004
4912652.014
4912703.004
4912730.014
4912732.004
4912737.014
4912750.004
4912781.014
4912782.004
4912788.014
4912798.004
4912804.014
4912810.004
4912813.014
4912818.004
4912861.014
4912865.004
4912873.014
4912910.004
4912959.014
4912985.011
4913099.001
4913109.004
4913227.014
4913232.004
4913238.014
4913244.004
4913297.014
4913315.004
4913337.014
4913338.004
4913396.014
4913445.004
4913468.014
4913514.004
4913536.014
4913582.004
4913645.014
4913647.004
4913650.014
4913672.011
4913799.001
4913853.004
4913901.014
4913958.011
4914067.001
4914072.004
4914147.014
4914186.004
4914288.014
4914345.011
4914348.001
4914380.004
4914418.014
4914420.004
4914483.014
4914486.004
4914489.014
4914492.004
4914534.014
4914535.004
4914554.014
4914555.004
4914610.014
4914771.011
4914772.001
4914776.011
4914922.001
4914934.004
4915017.014
4915018.004
4915024.014
4915026.004
4915043.014
4915061.004
4915068.014
4915104.011
4915169.001
4915173.004
4915289.014
4915325.004
4915353.014
4915363.004
4915459.014
4915492.004
4915496.014
4915499.004
4915603.014
4915608.004
4915628.014
4915655.004
4915753.014
4915754.004
4915777.014
4915803.011
4915808.001
4915813.011
4915815.001
4915831.004
4915905.014
4915906.004
4915912.014
4915952.004
4915986.014
4916041.004
4916046.014
4916050.004
4916261.014
4916264.004
4916267.014
4916269.004
4916327.014
4916332.004
4916377.014
4916379.004
4916409.014
4916435.011
4917075.001
4917086.004
4917098.014
4917102.004
4917133.014
4917198.011
4917199.001
4917226.004
4917228.014
4917252.004
4917254.014
4917276.004
4917296.014
4917300.004
4917305.014
4917307.004
4917314.014
4917366.011
4917375.001
4917395.011
4917397.001
4917448.004
4917467.014
4917536.004
4917554.014
4917566.011
4917776.001
4917784.004
4917792.014
4917843.011
4918245.001
4918255.004
4918260.014
4918316.011
4918518.003
4918671.013
4918692.003
4918754.013
4918843.001
4918853.004
4918856.014
4918930.004
4918975.014
4919019.004
4919026.014
4919047.004
4919058.014
4919079.004
4919086.014
4919097.004
4919101.014
4919102.004
4919104.014
4919182.004
4919211.014
4919217.011
4919316.001
4919323.004
4919334.014
4919382.011
4919547.003
4919582.013
4919840.002
4919977.012
4924783.001
4924817.004
4924819.014
4924857.004
4924858.014
4924859.004
4924869.014
4924879.004
4924940.014
4924943.004
4924957.014
4924973.004
4924974.014
4925073.004
4925083.014
4925092.011
4925217.003
4925354.013
4925355.003
4925363.013
4925791.003
4925812.013
4925966.001
4925976.004
4925982.014
4925997.011
4932402.003
4932432.013
4932529.001
4932574.004
4932577.014
4932604.011
4934947.001
4934977.011
4948661.001
4948714.011
4948843.003
4948933.013
4948957.003
4948985.013
4949144.001
4949151.004
4949158.014
4949180.004
4949183.014
4949200.004
4949202.014
4949206.004
4949210.014
4949224.011
4952552.001
4952585.011
4952785.003
4952862.013
4957930.001
4957976.004
4957980.014
4958008.011
4958149.003
4958256.013
4959122.001
4959156.011
4978791.001
4978835.011
4978958.003
4979079.013
4979251.001
4979287.011
5433560.001
5433644.011
5433670.001
5433753.011
5434205.003
5434320.013
5434549.003
5434692.013
5435183.001
5435297.011
5437062.002
5437270.012
5437526.002
5437571.012
5438129.002
5438197.012
5438199.002
5438210.012
5438373.003
5438496.013
5438774.003
5438885.013
5439533.001
5439580.011
5439636.001
5439713.004
5439720.014
5439728.004
5439735.014
5439750.004
5439753.014
5439858.011
5440386.002
5440433.012
5440455.002
5440547.012
5440752.002
5440777.012
5440836.002
5440844.012
5442340.003
5442443.013
5442501.003
5442507.013
5446088.001
5446159.004
5446161.014
5446163.004
5446172.014
5446302.011
5446383.001
5446391.011
6252757.001
6252758.011
6252762.001
6252842.004
6252844.014
6252846.004
6252849.014
6252871.004
6252886.014
6252894.004
6252901.014
6252904.004
6252911.014
6252953.011
6253233.003
6253371.013
6253739.001
6253765.011
6253864.001
6253960.011
6259296.002
6259355.012
6283321.001
6283348.011
6283465.003
6283485.013
6290153.003
6290154.013
6290155.003
6290186.013
6290193.003
6290195.013
6293301.003
6293374.013
6294593.001
6294617.011
6302132.002
6302133.012
6303654.002
6303823.012
6304642.003
6304717.013
6304739.003
6305100.013
6305306.001
6305325.004
6305333.014
6305335.004
6305353.014
6305389.011
6305683.003
6305738.013
6314583.002
6314602.012
6314807.003
6314853.013
6316307.001
6316349.011
6316356.001
6316368.011
6320205.001
6320218.004
6320221.014
6320314.004
6320316.014
6320323.004
3
24
17
3
25
17
M004
k
1
4
12
35
45
0
00
00
250
7
800
0
0
0
0
0
0
6320331.014
6320333.004
6320357.014
6320369.011
6320749.002
6321062.012
6321090.002
6321366.012
6321443.002
6321940.012
6321955.002
6322304.012
6327962.001
6327992.004
6328016.014
6328018.004
6328035.014
6328036.004
6328038.014
6328039.004
6328045.014
6328053.004
6328058.014
6328066.004
6328075.014
6328081.004
6328084.014
6328087.004
6328105.014
6328108.004
6328120.014
6328127.004
6328129.014
6328136.004
6328138.014
6328143.004
6328145.014
6328164.011
6328500.003
6328614.013
6328667.003
6328881.013
6331873.003
6332019.013
6332021.003
6332026.013
6332329.003
6332842.013
6332973.001
6332984.004
6332986.014
6332991.004
6333050.014
6333053.004
6333059.014
6333060.004
6333070.014
6333073.004
6333080.014
6333114.011
6333233.001
6333240.004
6333242.014
6333245.004
6333292.014
6333308.004
6333325.014
6333326.004
6333373.014
6333390.004
6333460.014
6333481.011
6334784.002
6334975.012
6335138.003
6335275.013
6345252.003
6345289.013
6349157.001
6349172.011
6349859.003
6349896.013
6350066.003
6350087.013
6359350.003
6359377.013
6364232.003
6364260.013
6364283.003
6364321.013
6364422.001
6364447.011
6368448.001
6368469.011
6368658.003
6368688.013
6371788.001
6371829.011
6832411.001
6832492.004
6832495.014
6832527.011
6832690.003
6832790.013
6868088.001
6868114.011
6868227.003
6868299.013
6871869.001
6871954.011
6872045.002
6872160.012
6872278.003
6872329.013
7143393.001
7143452.011
7143563.003
7143631.013
7365714.001
7365738.011
7365853.003
7365905.013
7555814.001
7555872.011
7556004.003
7556085.013
7885600.041
7885602.059
7885602.037
7886201.102
7886501.101
7900037.001
7900038.021
7900058.031
7900092.004
7900118.014
7900139.011
7902477.001
7902553.011
7902794.003
7902795.023
7902815.033
7902903.013
7905740.003
7905843.013
7906136.003
7906162.013
7906343.001
7906450.011
7906728.003
7906832.013
7906833.003
7906835.013
7906933.003
7907024.013
7907179.001
7907229.004
7907234.014
7907284.004
7907288.014
7907305.011
7907399.001
7907477.004
7907480.014
7907481.004
7907489.014
7907524.004
7907529.014
7907530.004
7907533.014
7907566.011
7907996.001
7908049.004
7908051.014
7908084.011
7908373.002
7908407.012
7908529.003
7908629.013
7908809.003
7908868.013
7908870.003
7908918.013
7909054.001
7909123.004
7909127.014
7909139.004
7909162.014
7909174.004
7909178.014
7909181.004
7909192.014
7909228.004
7909232.014
7909264.011
7909515.001
7909555.004
7909558.014
7909584.011
7909759.003
7909897.013
7909919.003
7910088.013
7910103.003
7910108.013
7911387.002
7911423.012
7911499.003
7911549.013
7911674.001
7911735.004
7911748.014
7911772.004
7911778.014
7911820.011
7911851.001
7911954.011
7912109.002
7912139.012
7913359.003
7913450.013
7913586.001
7913610.004
7913614.014
7913636.004
7913639.014
7913663.004
7913685.014
7913704.011
7913705.001
7913751.011
7914017.003
7914222.013
7914306.003
7914346.013
7914368.003
7914372.013
7914986.003
7915123.013
7915301.001
7915365.004
7915367.014
7915409.011
7915602.002
7915624.012
7915710.003
7915753.013
7916511.003
7916579.013
7916667.001
7916738.004
7916740.014
7916743.004
7916756.014
7916802.011
7917343.003
7917448.013
7917540.001
7917602.004
7917605.014
7917645.004
7917647.014
7917707.011
7917708.001
7917711.011
7917715.001
7917755.011
7917824.001
7917880.004
7917913.014
7917916.004
7917918.014
7917919.004
7917921.014
7917964.011
7918348.003
7918426.013
7918802.001
7918914.004
7918916.014
7918937.011
7918981.001
7919011.011
7919963.101
7920241.001
7920242.021
7920262.031
7920287.004
7920311.014
7920317.004
7920318.014
7920335.011
7922728.001
7922782.004
7922785.014
7922841.011
7923060.003
7923174.013
7923467.003
7923493.013
7923614.001
7923668.004
7923673.014
7923699.004
7923702.014
7923704.004
7923706.014
7923749.011
7923789.001
7923853.004
7923855.014
7923927.011
7924255.001
7924290.004
7924291.014
7924311.011
7924453.002
7924467.012
7924544.003
7924669.013
7924680.003
7924744.013
7924854.102
7925034.003
7925035.023
7925055.033
7925124.013
7929844.003
7930070.013
7930165.003
7930213.013
7930353.001
7930393.004
7930396.014
7930455.011
7930457.001
7930507.011
7930801.003
7930925.013
7930929.003
7930955.013
7931061.003
7931085.013
7931321.001
7931377.004
7931380.014
7931438.011
7931500.001
7931511.004
7931513.014
7931582.011
7931790.003
7931849.013
7932060.003
7932107.013
7932110.003
7932111.013
7932196.001
7932256.004
7932259.014
7932300.011
7932352.001
7932369.011
7932431.001
7932516.011
7932789.003
7932842.013
7933158.003
7933269.013
7933361.001
7933370.004
7933372.014
7933419.004
7933422.014
7933423.004
7933430.014
7933452.004
7933455.014
7933460.004
7933487.014
7933533.011
7933953.102
7934575.003
7934576.023
7934596.033
7934660.013
7938189.003
7938284.013
7938548.001
7938586.004
7938589.014
7938604.004
7938617.014
7938652.011
7938961.003
7939052.013
7940424.001
7940503.004
7940506.014
7940558.011
7940608.001
7940657.011
7940679.001
7940686.011
7940748.002
7940758.012
7940818.003
7940955.013
7940979.003
7941036.013
7941136.102
7941300.003
7941301.023
7941321.033
7941383.013
7944304.003
7944387.013
7944526.003
7944570.013
7944697.001
7944708.004
7944711.014
7944752.004
7944753.014
7944796.011
7945029.003
7945063.013
7945564.003
7945630.013
7945637.003
7945658.013
7945694.003
7945703.013
7945816.001
7945850.011
7946762.003
7946836.013
7946919.001
7946986.004
7946990.014
7947009.011
7947883.001
7947963.011
7948114.003
7948224.013
7948241.003
7948272.013
7948403.003
7948442.013
7949394.003
7949460.013
7949485.003
7949532.013
7949600.001
7949679.011
7949687.001
7949691.011
7950219.003
7950258.013
7950382.003
7950451.013
7950541.001
7950574.011
7952436.001
7952480.004
7952482.014
7952510.011
7952540.001
7952579.011
7952597.001
7952602.011
7952695.003
7952746.013
7952760.003
7952767.013
7954825.001
7954877.004
7954878.014
7954917.011
7954922.001
7954930.011
7955054.003
7955193.013
7956652.003
7956747.013
7956750.003
7956758.013
7956836.001
7956886.004
7956903.014
7956917.011
7957417.003
7957435.013
7958245.002
7958278.012
7958282.002
7958285.012
7958292.002
7958362.012
7958463.003
7958541.013
7958822.003
7959675.013
7960710.003
7960841.013
7961080.003
7961127.013
7961230.001
7961297.004
7961302.014
7961338.011
7962447.001
7962511.011
7962616.003
7962672.013
7962705.003
7962792.013
7965422.003
7965476.013
7965514.003
7965562.013
7966348.003
7966375.013
7968440.001
7968490.011
7968631.003
7968712.013
7969831.003
7969884.013
7969925.003
7969954.013
7970100.001
7970142.004
7970147.014
7970166.011
7971038.101
7971142.003
7971203.013
7971326.001
7971327.021
7971335.004
7971342.014
7971347.031
7971383.004
7971387.014
7971389.004
7971407.014
7971421.011
7972411.102
7972918.101
7974452.001
7974453.021
7974473.031
7974509.004
7974524.014
7974534.011
7977534.001
7977601.004
7977604.014
7977644.011
7977740.001
7977808.011
7977985.003
7977986.023
7978006.033
7978071.013
7983568.003
7983667.013
7983976.003
7984016.013
7984137.001
7984153.004
7984154.014
7984155.004
7984161.014
7984185.004
7984190.014
7984204.004
7984223.014
7984260.011
7984612.003
7984831.013
7984999.003
7985065.013
7985159.001
7985171.004
7985174.014
7985216.004
7985218.014
7985269.011
7985536.003
7985600.013
7985681.003
7985758.013
7985857.001
7985920.004
7985924.014
7985957.011
7986600.003
7986663.013
7986737.001
7986745.004
7986750.014
7986798.011
7987580.001
7987611.011
7988294.001
7988370.011
7988511.003
7988561.013
7988593.003
7988722.013
7989292.003
7989310.013
7990883.001
7990928.004
7990930.014
7990994.011
7991092.003
7991138.013
7991177.003
7991221.013
7991437.102
7992251.003
7992252.023
7992272.033
7992346.013
7995148.102
7995208.003
7995209.023
7995229.033
7995280.013
7998395.003
7998458.013
7998616.003
7998657.013
7998845.001
7998908.004
7998918.014
7998935.004
7998939.014
7998956.011
7998958.001
7998984.011
8000744.003
8000801.013
8000814.003
8000824.013
8000920.001
8000932.004
8000933.014
8000965.011
8001665.001
8001677.004
8001678.014
8001752.011
8001847.003
8001910.013
8002967.001
8003020.011
8003104.003
8003152.013
8003165.003
8003169.013
8005495.001
8005573.011
8005619.001
8005655.011
8005744.003
8005805.013
8005985.003
8006027.013
8006133.001
8006182.011
8007066.003
8007105.013
8007712.102
8009070.001
8009108.004
8009111.014
8009145.011
8009172.001
8009174.011
8009263.003
8009264.023
8009284.033
8009377.013
8014545.102
8014873.003
8014874.023
8014894.033
8014972.013
8018309.003
8018398.013
8018572.003
8018608.013
8018712.001
8018800.011
8019017.003
8019055.013
8019249.003
8019273.013
8019294.003
8019298.013
8020838.003
8020907.013
8020996.001
8021042.011
8021735.003
8021775.013
8022904.003
8022954.013
8023034.001
8023095.011
8024214.003
8024254.013
8024428.003
8024463.013
8024533.001
8024576.011
8026508.003
8026556.013
8026819.003
8026838.013
8027824.002
8027874.012
8027936.003
8027974.013
8028062.001
8028135.011
8028474.003
8028489.013
8028515.003
8028555.013
8030425.003
8030463.013
8032462.102
8032970.003
8032971.023
8032991.033
8033054.013
8034804.101
8036730.003
8036784.013
8037105.003
8037170.013
8037287.001
8037288.021
8037308.031
8037340.004
8037343.014
8037348.004
8037367.014
8037381.011
8040163.001
8040273.011
8040409.001
8040471.011
8040670.003
8040735.013
8040743.003
8040820.013
8040924.001
8040935.004
8040937.014
8040990.011
8043273.001
8043351.011
8043384.001
8043394.011
8043511.003
8043566.013
8043590.003
8043606.013
8043646.003
8043689.013
8043782.001
8043836.004
8043838.014
8043870.011
8044777.003
8044838.013
8044938.001
8044985.004
8044987.014
8045046.011
8045063.001
8045141.011
8045292.101
8045508.003
8045533.013
8045657.001
8045658.021
8045678.031
8045710.004
8045723.014
8045728.004
8045741.014
8045749.011
8048715.001
3
24
17
3
25
17
M004
k
1
4
12
35
45
0
00
00
250
7
800
0
0
0
0
0
0
8048788.011
8048953.001
8049092.011
8049362.003
8049481.013
8050349.101
8052026.003
8052073.013
8052178.001
8052179.021
8052199.031
8052237.004
8052250.014
8052265.011
8055136.001
8055298.011
8055671.003
8055735.013
8055866.001
8055907.011
8059352.001
8059431.011
8059432.001
8059436.011
8059440.001
8059445.011
8059532.003
8059595.013
8059597.003
8059601.013
8060894.102
8061157.001
8061168.004
8061170.014
8061239.011
8061327.003
8061328.023
8061348.033
8061445.013
8064422.101
8064463.003
8064499.013
8064922.003
8064953.013
8065028.001
8065029.021
8065049.031
8065063.102
8065083.004
8065097.014
8065098.004
8065099.014
8065100.004
8065102.014
8065115.011
8067416.001
8067495.011
8070203.001
8070219.004
8070220.014
8070222.004
8070223.014
8070273.004
8070276.014
8070328.011
8070428.003
8070429.023
8070449.033
8070542.013
8074804.003
8074873.013
8074991.001
8075038.004
8075041.014
8075070.011
8076654.003
8076686.013
8076802.001
8076840.011
8077495.003
8077559.013
8077677.001
8077735.011
8079109.003
8079153.013
8079166.003
8079169.013
8083020.001
8083085.011
8083193.003
8083230.013
8085276.101
8086127.003
8086168.013
8086288.003
8086310.013
8086389.001
8086390.021
8086405.004
8086407.014
8086410.031
8086481.004
8086484.014
8086485.004
8086487.014
8086495.011
8089996.001
8090006.004
8090008.014
8090047.004
8090048.014
8090068.011
8090326.001
8090390.011
8090529.003
8090615.013
8090664.003
8090680.013
8090693.003
8090704.013
8090808.001
8090818.004
8090821.014
8090876.004
8090883.014
8090930.011
8093683.001
8093715.011
8093804.003
8093848.013
8093884.003
8093897.013
8094025.003
8094085.013
8094185.001
8094260.011
8094302.001
8094339.011
8098514.102
8099950.001
8100054.011
8100137.003
8100138.023
8100158.033
8100235.013
8103029.003
8103067.013
8103279.001
8103350.011
8103468.102
8104989.001
8105039.004
8105042.014
8105081.011
8105165.003
8105166.023
8105186.033
8105246.013
8108140.003
8108174.013
8108306.001
8108371.011
8110520.001
8110584.011
8110665.003
8110735.013
8110770.003
8110894.013
8110919.003
8110923.013
8111532.003
8111573.013
8111591.003
8111595.013
8111771.003
8111806.013
8111882.001
8111932.011
8112594.102
8114777.003
8114778.023
8114798.033
8114873.013
8118098.003
8118157.013
8118298.001
8118310.004
8118312.014
8118398.004
8118401.014
8118412.011
8119324.003
8119388.013
8121115.003
8121203.013
8121211.003
8121276.013
8121349.001
8121408.011
8122019.003
8122040.013
8122113.002
8122159.012
8124101.003
8124156.013
8124162.003
8124168.013
8124270.001
8124309.011
8128085.001
8128125.011
8128272.003
8128313.013
8128335.003
8128355.013
8128438.001
8128470.011
8129477.003
8129508.013
8129639.001
8129704.011
8133421.003
8133466.013
8133467.003
8133472.013
8133475.003
8133558.013
8134200.003
8134219.013
8134302.001
8134315.004
8134316.014
8134353.011
8139308.003
8139348.013
8144425.003
8144476.013
8144479.003
8144482.013
8144503.003
8144507.013
8144618.003
8144640.013
8144724.001
8144748.004
8144764.014
8144795.011
8149037.001
8149070.011
8149158.003
8149211.013
8149213.003
8149218.013
8149252.003
8149259.013
8149401.003
8149433.013
8149522.001
8149555.011
8149772.003
8149787.013
8149800.003
8149805.013
8153431.003
8153469.013
8153472.003
8153478.013
8159305.003
8159361.013
8159469.001
8159482.004
8159485.014
8159549.004
8159553.014
8159555.004
8159556.014
8159614.011
8160461.003
8160549.013
8160602.003
8160629.013
8161946.001
8161985.004
8161999.014
8162010.011
8162108.003
8162194.013
8162392.003
8162432.013
8162704.002
8162884.012
8163730.001
8163793.011
8164561.003
8164627.013
8164681.003
8164692.013
8164797.001
8164811.004
8164814.014
8164914.011
8164936.001
8164939.011
8172393.001
8172442.011
8172485.001
8172512.011
8172610.003
8172679.013
8172693.003
8172763.013
8174911.001
8174986.011
8175070.003
8175159.013
8175910.101
8177879.003
8177929.013
8177953.003
8177956.013
8178059.001
8178060.021
8178080.031
8178107.004
8178127.014
8178134.004
8178136.014
8178148.011
8180514.102
8181939.001
8182022.011
8183242.001
8183301.004
8183317.014
8183347.011
8183477.001
8183543.011
8183899.002
8183959.012
8184037.003
8184038.023
8184058.033
8184165.013
8187954.003
8188014.013
8188646.001
8188716.004
8188719.014
8188754.004
8188757.014
8188759.004
8188762.014
8188784.011
8189600.003
8189816.013
8189846.003
8189851.013
8190032.003
8190070.013
8190105.003
8190139.013
8190300.003
8190331.013
8190410.001
8190514.011
8190517.001
8190527.011
8191870.003
8191928.013
8191974.003
8192009.013
8192089.001
8192103.004
8192105.014
8192179.011
8192212.001
8192239.011
8192435.003
8192451.013
8192469.003
8192472.013
8192608.003
8192642.013
8193468.002
8193495.012
8193563.003
8193604.013
8193613.003
8193620.013
8194288.003
8194305.013
8194383.001
8194406.004
8194408.014
8194416.004
8194417.014
8194457.011
8194697.002
8194699.012
8194701.002
8194719.012
8194784.003
8194822.013
8194843.003
8194853.013
8194874.003
8194893.013
8194965.101
8195111.003
8195192.013
8195196.003
8195202.013
8195301.102
8195680.003
8195681.023
8195701.033
8195757.013
8199931.003
8199985.013
8200268.001
8200269.021
8200289.031
8200322.004
8200324.014
8200337.011
8202392.101
8204433.001
8204434.021
8204454.031
8204484.004
8204508.014
8204520.011
8204859.101
8208714.001
8208715.021
8208735.031
8208797.011
8212035.001
8212043.004
8212046.014
8212097.004
8212100.014
8212110.011
8212359.001
8212366.004
8212369.014
8212404.004
8212405.014
8212423.004
8212431.014
8212443.011
8212644.003
8212742.013
8212886.001
8212919.011
8214840.001
8214920.011
8214942.001
8214950.011
8215043.003
8215105.013
8215138.003
8215232.013
8215351.001
8215360.004
8215364.014
8215400.004
8215402.014
8215436.011
8215470.001
8215544.011
8216195.001
8216282.011
8216353.001
8216398.011
8216424.001
8216428.011
8216533.003
8216670.013
8216777.003
8216791.013
8216798.003
8216803.013
8216882.001
8216970.011
8216979.001
8216983.011
8217686.001
8217730.011
8217895.003
8217943.013
8217973.003
8218032.013
8218250.003
8218270.013
8218342.001
8218399.011
8219433.003
8219495.013
8219548.003
8219553.013
8219645.001
8219657.004
8219658.014
8219706.004
8219710.014
8219716.004
8219717.014
8219749.011
8220986.003
8221041.013
8221071.102
8221085.003
8221086.023
8221094.013
8221106.033
8221133.006
8221134.016
8221149.003
8221218.013
8223779.003
8223854.013
8223861.003
8223872.013
8224343.003
8224364.013
8224475.001
8224532.011
8226184.003
8226223.013
8231399.001
8231467.011
8231470.001
8231476.011
8231572.003
8231613.013
8231626.003
8231711.013
8231762.003
8231778.013
8231801.003
8231805.013
8231876.001
8231924.011
8233891.003
8233940.013
8233945.003
8233951.013
8234045.003
8234071.013
8234136.001
8234185.011
8235492.003
8235496.013
8235498.003
8235533.013
8235603.001
8235650.011
8237392.003
8237437.013
8237655.003
8237675.013
8237749.001
8237818.011
8240621.101
8241708.001
8241709.021
8241729.031
8241763.004
8241764.014
8241766.004
8241801.014
8241817.011
8244414.001
8244519.011
8244670.003
8244781.013
8245611.003
8245696.013
8245861.001
8245885.004
8245892.014
8245896.004
8245912.014
8245913.004
8245922.014
8245990.011
8246443.101
8246688.001
8246689.021
8246709.031
8246741.004
8246756.014
8246775.011
8250047.001
8250161.011
8250664.001
8250717.011
8250871.003
8250948.013
8251191.001
8251198.004
8251201.014
8251234.011
8252721.001
8252798.011
8252821.001
8252825.011
8252923.003
8252994.013
8253071.003
8253115.013
8253119.003
8253125.013
8253212.001
8253259.011
8254239.003
8254254.013
8254324.001
8254372.011
8255827.003
8255859.013
8256308.003
8256330.013
8256396.001
8256459.011
8257985.003
8258028.013
8258166.003
8258190.013
8258203.003
8258216.013
8258296.001
8258313.004
8258320.014
8258322.004
8258323.014
8258414.011
8260749.001
8260823.011
8260914.003
8260957.013
8260964.003
8260990.013
8263394.003
8263424.013
8263511.001
8263569.011
8266238.101
8266677.001
8266678.021
8266698.031
8266724.004
8266726.014
8266728.004
8266748.014
8266766.011
8269000.102
8269319.101
8269598.001
8269599.021
8269619.031
8269650.004
8269652.014
8269659.004
8269661.014
8269662.004
8269674.014
8269691.011
8269712.101
8272925.001
8272926.021
8272946.031
8272983.004
8273029.014
8273042.011
8275324.001
8275473.004
8275476.014
8275530.011
8275641.001
8275717.011
8275876.003
8275877.023
8275897.033
8275973.013
8279487.003
8279586.013
8280005.003
8280033.013
8280123.001
8280205.011
8280209.001
8280215.011
8281797.002
8281810.012
8281860.001
8281943.011
8282053.003
8282133.013
8282152.003
8282188.013
8282454.001
8282525.011
8283230.102
8283549.003
8283550.023
8283570.033
8283646.013
8284671.101
8287404.003
8287469.013
8287475.003
8287481.013
8287726.001
8287727.021
8287747.031
8287779.004
8287789.014
8287799.011
8290940.001
8291004.004
8291024.014
8291035.011
8291381.001
8291479.011
8291679.002
8291685.012
8291761.003
8291805.013
8292039.102
8294064.001
8294144.011
8294270.003
8294271.023
8294291.033
8294359.013
8297118.003
8297154.013
8297433.003
8297458.013
8297554.001
8297624.011
8298117.101
8298533.003
8298589.013
8298686.001
8298687.021
8298706.004
8298707.031
8298708.014
8298741.004
8298743.014
8298750.004
8298766.014
8298779.011
8301101.001
8301175.011
8301466.001
8301538.011
8301553.001
8301558.011
8301979.003
8302048.013
8302209.001
8302251.011
8304693.001
8304789.011
8304875.003
8304946.013
8304961.003
8304966.013
8305100.001
8305132.011
8305595.101
8306032.003
8306087.013
8306098.003
8306158.013
8306240.001
8306241.021
8306261.031
8306313.004
8306322.014
8306331.011
8309346.001
8309426.011
8311148.101
8311154.003
8311202.013
8311279.001
8311280.021
8311292.004
8311296.014
8311300.031
8311327.004
8311342.014
8311353.011
8314401.001
8314455.011
3
24
17
3
25
17
M004
k
1
4
12
35
45
0
00
00
250
7
800
0
0
0
0
0
0
8314526.001
8314583.011
8316328.003
8316359.013
8316474.003
8316524.013
8316537.003
8316563.013
8316629.001
8316700.011
8318220.003
8318240.013
8318326.001
8318371.011
8318852.102
8322934.001
8322988.011
8323101.003
8323102.023
8323122.033
8323190.013
8326096.003
8326131.013
8326301.001
8326376.011
8336874.101
8337778.102
8351806.001
8351807.021
8351827.031
8351862.004
8351880.014
8351900.011
8353487.101
8355042.001
8355043.021
8355063.031
8355096.004
8355116.014
8355127.011
8358190.001
8358270.011
8358682.003
8358683.023
8358703.033
8358771.013
8361708.003
8361788.013
8362076.003
8362115.013
8362216.001
8362492.004
8362495.014
8362502.004
8362504.014
8362535.011
8362847.003
8362911.013
8363307.003
8363343.013
8363431.001
8363504.011
8364815.001
8364867.011
8364933.001
8364954.011
8365050.003
8365116.013
8365127.003
8365184.013
8365347.003
8365402.013
8365470.001
8365504.011
8366898.101
8366931.003
8366980.013
8367100.001
8367101.021
8367121.031
8367157.004
8367180.014
8367192.011
8369982.101
8369994.001
8369995.021
8370015.031
8370055.004
8370086.014
8370097.011
8370280.101
8373105.001
8373106.021
8373126.031
8373197.011
8376359.001
8376445.011
8376788.001
8376855.011
8377002.003
8377068.013
8377211.003
8377226.013
8377245.003
8377250.013
8378084.003
8378107.013
8378212.003
8378295.013
8378383.001
8378402.004
8378404.014
8378408.004
8378414.014
8378415.004
8378424.014
8378457.011
8379576.003
8379611.013
8379748.001
8379757.004
8379760.014
8379783.011
8380453.003
8380486.013
8380565.001
8380639.004
8380641.014
8380666.011
8380717.102
8380718.001
8380738.011
8381816.003
8381817.023
8381837.033
8381931.013
8384388.003
8384482.013
8384621.001
8384694.011
8390280.001
8390334.011
8390347.001
8390353.011
8390503.003
8390543.013
8390566.003
8390577.013
8390694.003
8390709.013
8390788.001
8390829.011
8392073.003
8392102.013
8392185.003
8392199.013
8392290.001
8392330.011
8394719.003
8394738.013
8394808.003
8394834.013
8394918.001
8394987.011
8399533.001
8399593.011
8399687.003
8399744.013
8401476.101
8402572.003
8402600.013
8402683.001
8402684.021
8402704.031
8402729.004
8402752.014
8402756.004
8402759.014
8402760.004
8402761.014
8402767.004
8402773.014
8402781.011
8403080.102
8405338.001
8405367.004
8405369.014
8405399.004
8405401.014
8405421.011
8405984.001
8406057.011
8406444.003
8406445.023
8406465.033
8406519.013
8408585.003
8408679.013
8409133.001
8409222.011
8409711.102
8411612.003
8411613.023
8411633.033
8411694.013
8414659.001
8414722.011
8420561.003
8420602.013
8420619.003
8420628.013
8420630.003
8420640.013
8420727.001
8420779.011
8423272.102
8423285.003
8423286.023
8423306.033
8423379.013
8426134.003
8426169.013
8426405.001
8426460.011
8429819.102
8432171.101
8433138.001
8433139.021
8433159.031
8433192.004
8433222.014
8433226.004
8433229.014
8433243.011
8435689.001
8435775.004
8435777.014
8435818.011
8436022.003
8436023.023
8436043.033
8436106.013
8438734.003
8438790.013
8439719.001
8439796.004
8439805.014
8439808.004
8439812.014
8439819.011
8441404.003
8441450.013
8441530.003
8441599.013
8441677.001
8441756.011
8443017.102
8444128.101
8464697.001
8464698.021
8464718.031
8464756.004
8464776.014
8464793.011
8467646.001
8467723.011
8467991.001
8468023.011
8468224.003
8468225.023
8468245.033
8468315.013
8471259.001
8471321.004
8471335.014
8471340.004
8471343.014
8471357.004
8471363.014
8471380.011
8471721.003
8471797.013
8492340.101
8521111.102
8729774.001
8729775.021
8729795.031
8729821.004
8729822.014
8729823.004
8729872.014
8729908.011
8732320.001
8732436.011
8732964.003
8732965.023
8732985.033
8733073.013
8735317.003
8735412.013
8736151.003
8736250.013
8736800.001
8736844.004
8736846.014
8736848.004
8736849.014
8736854.004
8736856.014
8736918.011
8737109.001
8737173.004
8737178.014
8737180.004
8737187.014
8737270.011
8737342.001
8737404.011
8737502.002
8737527.012
8737638.003
8737699.013
8737736.003
8737840.013
8737881.003
8737888.013
8738174.003
8738216.013
8738594.001
8738610.004
8738613.014
8738717.011
8738721.001
8738742.011
8738909.001
8739010.011
8739216.002
8739228.012
8739377.003
8739430.013
8739432.003
8739475.013
8740895.003
8740936.013
8740995.003
8741041.013
8741350.001
8741415.004
8741418.014
8741419.004
8741424.014
8741451.011
8741891.003
8741943.013
8742637.003
8742666.013
8744469.001
8744516.011
8744938.001
8745110.011
8745113.001
8745119.011
8745390.003
8745444.013
8745481.003
8745554.013
8745860.001
8745941.011
8746000.001
8746045.011
8746827.001
8746890.011
8746955.001
8746999.102
8747003.011
8747403.001
8747457.011
8747606.003
8747607.023
8747627.033
8747693.013
8748049.101
8751088.003
8751186.013
8751189.003
8751199.013
8751664.003
8751704.013
8752059.003
8752086.013
8752253.001
8752254.021
8752274.031
8752301.004
8752321.014
8752338.011
8755269.001
8755344.004
8755347.014
8755568.004
8755570.014
8755587.011
8755827.001
8755916.004
8755918.014
8755949.011
8756120.001
8756183.011
8756385.001
8756439.004
8756441.014
8756517.011
8756565.001
8756613.011
8756815.003
8756932.013
8756943.003
8756953.013
8757061.101
8757316.001
8757317.021
8757337.031
8757369.004
8757372.014
8757376.004
8757397.014
8757415.011
8760885.001
8760977.004
8760984.014
8760985.004
8760994.014
8761037.011
8761436.001
8761512.004
8761513.014
8761517.004
8761529.014
8761606.011
8761759.001
8761783.011
8762003.001
8762059.004
8762061.014
8762076.004
8762084.014
8762086.004
8762088.014
8762116.011
8762360.003
8762456.013
8762496.003
8762505.013
8762704.001
8762715.004
8762718.014
8762761.004
8762782.014
8762802.004
8762803.014
8762804.004
8762814.014
8762856.011
8763203.003
8763344.013
8763546.001
8763633.004
8763636.014
8763641.004
8763646.014
8763691.004
8763697.014
8763701.004
8763704.014
8763742.004
8763749.014
8763750.004
8763758.014
8763759.004
8763762.014
8763854.011
8763899.001
8763911.004
8763916.014
8763941.004
8763953.014
8764008.011
8764045.001
8764052.011
8764263.001
8764316.004
8764318.014
8764407.011
8764486.001
8764487.011
8764494.001
8764532.004
8764534.014
8764598.011
8764726.001
8764834.011
8765037.003
8765140.013
8765150.003
8765262.013
8765641.001
8765648.004
8765652.014
8765687.004
8765689.014
8765705.004
8765728.014
8765761.011
8766783.101
8766837.001
8766838.021
8766858.031
8766895.004
8766897.014
8766905.004
8766908.014
8766910.004
8766925.014
8766931.004
8766934.014
8766951.011
8769680.001
8769731.004
8769733.014
8769771.011
8770009.001
8770064.011
8770284.003
8770377.013
8770646.001
8770661.004
8770663.014
8770685.004
8770687.014
8770716.004
8770733.014
8770747.004
8770752.014
8770883.011
8771086.002
8771107.012
8771245.003
8771370.013
8771380.003
8771386.013
8771831.003
8771879.013
8771974.001
8771985.004
8771987.014
8772063.004
8772072.014
8772139.011
8772145.001
8772151.011
8772409.001
8772500.011
8772511.001
8772516.011
8772915.003
8773014.013
8773017.003
8773022.013
8773952.003
8774003.013
8774036.003
8774075.013
8774171.001
8774281.011
8775614.001
8775732.011
8775790.001
8775869.011
8775878.001
8775885.011
8776029.003
8776102.013
8776125.003
8776155.013
8776268.001
8776294.004
8776296.014
8776312.004
8776313.014
8776376.011
8776487.102
8776639.001
8776651.004
8776657.014
8776743.011
8776803.001
8776850.011
8777483.003
8777484.023
8777504.033
8777573.013
8781641.003
8781742.013
8781912.001
8782076.011
8782078.001
8782084.011
8782105.001
8782111.011
8782234.002
8782262.012
8782403.003
8782479.013
8782591.003
8782607.013
8782612.003
8782678.013
8783233.001
8783247.004
8783249.014
8783329.011
8783841.003
8783903.013
8783962.003
8784044.013
8784077.003
8784106.013
8784959.102
8784962.003
8784963.023
8784983.033
8785062.013
8788820.003
8788955.013
8789503.003
8789596.013
8789775.001
8789813.004
8789817.014
8789853.004
8789857.014
8789884.004
8789887.014
8789911.011
8790111.002
8790118.012
8790214.003
8790268.013
8790298.003
8790399.013
8791955.001
8792046.011
8792091.001
8792187.011
8792199.001
8792227.011
8792349.003
8792399.013
8792445.003
8792460.013
8792721.001
8792798.011
8793643.003
8793723.013
8793811.003
8793843.013
8793995.001
8794105.011
8795040.001
8795106.011
8795187.001
8795215.011
8795361.003
8795440.013
8795581.001
8795595.004
8795599.014
8795648.011
8796564.003
8796605.013
8796757.003
8796795.013
8796813.003
8796817.013
8799871.101
8805223.001
8805224.021
8805244.031
8805274.004
8805276.014
8805280.004
8805299.014
8805318.011
8807125.101
8807385.102
8808304.001
8808305.021
8808325.031
8808360.004
8808385.014
8808395.011
8811965.001
8812027.004
8812033.014
8812055.004
8812059.014
8812090.011
8812422.001
8812484.004
8812490.014
8812544.004
8812547.014
8812577.004
8812582.014
8812632.011
8812854.003
8812855.023
8812875.033
8812938.013
8818567.102
8820434.003
8820435.023
8820455.033
8820526.013
8822531.101
8824096.003
8824180.013
8824465.003
8824505.013
8824686.001
8824687.021
8824697.004
8824699.014
8824707.031
8824783.011
8827457.001
8827532.004
8827538.014
8827540.004
8827543.014
8827597.011
8827728.001
8827758.011
8828087.003
8828157.013
8828159.003
8828168.013
8828526.001
8828583.011
8832787.101
8840326.102
8946577.001
8946578.021
8946598.031
8946637.004
8946640.014
8946642.004
8946670.014
8946687.011
8949115.001
8949132.004
8949135.014
8949195.011
8949485.003
8949486.023
8949506.033
8949573.013
8952025.003
8952075.013
8952473.003
8952510.013
8953214.001
8953300.011
8953516.002
8953520.012
8953640.003
8953807.013
8953862.003
8953905.013
8953908.003
8953915.013
8953926.003
8953934.013
8954296.003
8954319.013
8954453.001
8954521.004
8954523.014
8954554.004
8954556.102
8954559.014
8954584.011
8954838.003
8954839.023
8954859.033
8954929.013
8958143.003
8958233.013
8958361.003
8958400.013
3
24
17
3
25
17
M004
k
1
4
12
35
45
0
00
00
250
7
220
0
0
0
0
0
0
8958582.001
8958643.004
8958644.014
8958645.004
8958651.014
8958700.011
8958978.003
8959177.013
8959819.003
8959856.013
8960013.001
8960070.004
8960071.014
8960091.011
8960166.001
8960184.011
8960390.002
8960432.012
8960535.003
8960599.013
8960674.003
8960733.013
8960769.003
8960855.013
8960900.003
8960932.013
8961111.001
8961122.004
8961124.014
8961188.011
8962313.003
8962359.013
8962508.001
8962589.011
8964003.001
8964056.011
8964120.001
8964178.011
8964189.001
8964278.011
8964514.003
8964588.013
8964592.003
8964648.013
8964889.003
8964891.013
8964892.003
8964944.013
8965056.001
8965120.011
8965248.101
8991380.102
9245486.001
9245487.021
9245507.031
9245535.004
9245576.014
9245577.004
9245589.014
9245608.011
9249055.001
9249129.011
9250079.001
9250131.011
9250344.003
9250345.023
9250365.033
9250436.013
9253398.003
9253494.013
9254346.003
9254371.013
9254816.001
9254916.004
9254924.014
9254962.011
9255087.001
9255154.011
9255247.002
9255264.012
9255369.003
9255458.013
9255531.003
9255591.013
9255629.003
9255641.013
9255971.003
9256020.013
9256197.001
9256295.011
9256622.003
9256683.013
9256693.003
9256701.013
9256980.003
9257016.013
9257086.003
9257108.013
9257116.003
9257134.013
9258084.003
9258105.013
9258299.001
9258380.011
9258641.001
9258672.011
9259723.001
9259778.011
9259830.001
9259893.011
9260101.003
9260119.101
9260153.013
9260171.003
9260179.013
9260980.003
9261043.013
9261232.001
9261233.021
9261253.031
9261283.004
9261313.014
9261328.011
9263878.001
9263966.004
9263969.014
9263973.004
9263978.014
9263982.102
9263996.011
9264451.001
9264550.004
9264552.014
9264633.011
9264763.001
9264840.011
9264999.002
9265019.012
9265155.003
9265156.023
9265176.033
9265244.013
9269082.003
9269218.013
9269448.102
9269892.003
9269893.023
9269913.033
9269989.013
9270685.102
9273792.003
9273793.023
9273813.033
9273885.013
9276993.102
9277580.003
9277581.023
9277601.033
9277685.013
9280122.003
9280334.013
9280846.003
9280908.013
9281165.003
9281271.013
9281505.001
9281554.004
9281558.014
9281559.004
9281564.014
9281645.011
9281788.001
9281867.004
9281869.014
9281900.004
9281916.014
9281996.011
9282197.002
9282212.012
9282327.003
9282434.013
9282439.003
9282748.013
9282855.003
9283049.013
9283251.003
9283298.013
9283512.001
9283525.004
9283529.014
9283594.004
9283602.014
9283603.004
9283604.014
9283605.004
9283608.014
9283625.004
9283634.014
9283678.011
9283813.002
9283816.012
9283861.002
9283916.012
9284028.003
9284149.013
9284200.003
9284405.013
9284421.003
9284440.013
9284724.003
9284769.013
9284850.003
9284886.013
9285053.001
9285119.004
9285123.014
9285196.011
9289042.102
9311411.101
9325634.051
3
24
17
3
25
17
M004
k
1
4
12
35
45
0
00
00
250
7
132
0
0
0
0
0
0
9325635.111
9325635.112
9360644.001
9360751.011
9360806.001
9360912.011
9361085.003
9361181.013
9361186.003
9361209.013
9361259.003
9361291.013
9361302.003
9361309.013
9361411.002
9361436.012
9361513.001
9361562.004
9361564.014
9361612.011
9363074.001
9363112.011
9363167.001
9363215.011
9363339.003
9363468.013
9363488.003
9363496.013
9364308.003
9364388.013
9364515.001
9364525.004
9364528.014
9364559.004
9364562.014
9364604.011
9369307.001
9369338.011
9369392.001
9369422.011
9369576.003
9369633.013
9369672.003
9369680.013
9376664.001
9376758.011
9376947.003
9377001.013
9377013.003
9377019.013
9379095.003
9379157.013
9379251.001
9379271.004
9379273.014
9379308.011
9389953.001
9389997.011
9390140.003
9390250.013
9390325.003
9390356.013
9390386.003
9390444.013
9390536.001
9390585.011
9519172.001
9519245.011
9519248.001
9519257.011
9519391.003
9519507.013
9519512.003
9519516.013
9730363.001
9730404.011
9730597.003
9730750.013
9730751.003
9730753.013
9730805.003
9730813.013
9730900.003
9730933.013
9731067.001
9731135.004
9731136.014
9731204.011
9731226.001
9731230.011
9731385.001
9731431.011
9732053.002
9732091.012
9732228.003
9732344.013
9733169.003
9733207.013
9733406.001
9733514.011
9785773.001
9785805.011
9785846.001
9785866.011
9785981.003
9786065.013
9786198.003
9786248.013
9786394.001
9786473.011
9787902.001
9787960.011
9788104.001
9788213.011
9788374.003
9788427.013
9788432.003
9788434.013
9788442.003
9788475.013
9788588.003
9788663.013
9789639.003
9789695.013
9789979.003
9790104.013
9790294.003
9790326.013
9790446.001
9790503.004
9790513.014
9790584.011
3
25
17
3
25
17
M004
k
1
4
16
20
02
0
00
00
250
7
800
0
0
0
0
0
0
95895.001
95993.011
95995.001
96002.011
96115.003
96174.013
97198.003
97277.013
97432.001
97517.011
169087.001
169132.011
169196.001
169231.011
169379.003
169500.013
169501.003
169502.013
169696.001
169743.004
169747.014
169748.004
169749.014
169812.011
170462.001
170531.004
170537.014
170540.004
170582.014
170591.011
170708.002
170741.012
171199.003
171288.013
173869.003
173943.013
173980.003
174011.013
174098.001
174236.011
177848.001
177938.011
178043.003
178132.013
180267.003
180298.013
180410.001
180482.011
183523.001
183567.011
183664.003
183731.013
184539.001
184546.004
184550.014
184576.011
200855.001
200917.004
200920.014
200970.011
201158.003
201209.013
201509.003
201538.013
203937.001
203989.011
204358.003
204458.013
204603.001
204629.004
204633.014
204636.004
204638.014
204656.004
204682.014
204722.011
208004.003
208044.013
218302.003
218522.013
218605.001
218648.011
232035.001
232075.011
232167.003
232221.013
232229.003
232240.013
232863.003
232864.013
232873.003
232956.013
233025.001
233052.011
242324.001
242409.011
242556.003
242616.013
242981.003
243013.013
243084.001
243118.011
244198.003
244268.013
247421.001
247464.011
247540.003
247610.013
249287.001
249339.011
250171.003
250209.013
256872.001
256990.004
256997.014
257006.011
257101.003
257186.013
258800.003
258827.013
258893.002
258920.012
258962.002
258966.012
259039.001
259070.011
259164.002
259181.012
259193.002
259318.012
259384.003
259540.013
259543.003
259545.013
259548.003
259556.013
259559.003
259562.013
259563.003
259571.013
266735.001
266789.011
266899.003
266981.013
267412.003
267433.013
267453.003
267456.013
269588.003
269616.013
270717.003
270730.013
270764.003
270790.013
270861.001
270920.011
273143.003
273207.013
280575.003
280638.013
280901.001
280943.011
286017.003
286059.013
286137.001
286184.011
291001.001
291036.011
291440.003
291478.013
291941.003
292064.013
292217.001
292259.011
299857.003
299892.013
300082.003
300121.013
306821.001
306878.011
306971.003
307040.013
316369.001
316416.011
316555.003
316604.013
316607.003
316622.013
317105.001
317120.004
317122.014
317124.004
317126.014
317143.011
319671.003
319719.013
319727.003
319768.013
329059.001
329103.011
329194.003
329261.013
333437.003
333474.013
333543.001
333576.011
334336.003
334401.013
334551.003
334578.013
334655.001
334687.011
335398.003
335423.013
336007.003
336021.013
337090.003
337206.013
337213.003
337218.013
337288.001
337347.011
347319.003
347444.013
348055.001
348062.004
348067.014
348125.011
350050.002
350095.012
350172.003
350208.013
353138.003
353166.013
363771.003
363807.013
364933.003
364964.013
367143.003
367176.013
367262.001
367316.011
372384.001
372431.011
372524.003
372562.013
372957.003
372984.013
373056.001
373091.011
373929.003
373969.013
374370.003
374408.013
374573.001
374604.011
385874.001
385914.011
386004.003
386048.013
386069.003
386074.013
390815.003
390879.013
390959.001
390982.011
401847.003
401936.013
402144.003
402322.013
409438.001
409493.011
409594.003
409626.013
414926.003
415009.013
429460.001
429496.011
429616.003
429683.013
429688.003
429692.013
430078.003
430107.013
430184.001
430216.011
431445.003
431527.013
433702.003
433729.013
442477.001
442545.011
442550.001
442555.011
442642.003
442705.013
443615.002
443647.012
455271.001
455308.011
455422.003
455520.013
455531.003
455537.013
455804.003
456036.013
456108.001
456143.004
456158.014
456166.011
456198.001
456272.011
468261.003
468291.013
478021.001
478039.011
478199.003
478235.013
490867.001
490905.004
490942.014
490945.004
490967.014
490989.011
491252.001
491262.004
491268.014
491269.004
491289.014
491290.004
491296.014
491310.011
491581.003
491643.013
491780.001
491790.004
491797.014
491830.011
492920.003
492965.013
493084.001
493090.004
493095.014
493128.011
496047.001
496072.004
496087.014
496093.011
496168.003
496220.013
501558.003
501592.013
507677.001
507703.011
507788.003
507852.013
520696.003
520735.013
523688.003
523713.013
529117.003
529251.013
529360.001
529446.004
529450.014
529489.004
529491.014
529492.004
529500.014
529520.004
529522.014
529549.004
529558.014
529560.004
529619.014
529642.011
529759.001
529766.004
529770.014
529823.011
529969.003
530029.013
530181.003
530258.013
530273.003
530278.013
533722.003
533747.013
535858.003
535908.013
536012.001
536032.004
536036.014
536054.011
543040.003
543082.013
546674.002
546683.012
546707.002
546716.012
546744.002
546750.012
546818.003
546860.013
546896.003
546932.013
567434.003
567533.013
567735.001
567811.004
567825.014
567839.011
573370.003
573527.013
573680.001
573687.004
573692.014
573785.004
573791.014
573817.011
573825.001
573850.004
573902.014
573904.004
574008.014
574015.004
574064.014
574082.011
574365.002
574543.012
574719.003
574788.013
577073.003
577127.013
577162.003
577223.013
577834.003
577894.013
578079.003
578160.013
581122.003
581248.013
581319.001
581330.004
581332.014
581369.004
581383.014
581395.004
581397.014
581432.011
586206.003
586231.013
586314.001
586341.011
588866.001
588880.004
588896.014
588908.004
588920.014
588925.011
589158.003
589206.013
589313.003
589323.013
589448.001
589470.011
592262.003
592289.013
600181.003
600222.013
606192.003
606235.013
608139.001
608167.011
610466.002
610492.012
610613.003
610668.013
614210.003
614458.013
614771.001
614781.004
614786.014
614826.004
614828.014
614829.004
614831.014
614885.011
614894.001
614898.011
615807.003
615829.013
615832.003
615849.013
616549.003
616581.013
616649.001
616656.004
616659.014
616673.011
624816.001
624832.011
624916.003
624952.013
627293.001
627303.004
627309.014
627325.011
629670.003
629697.013
631779.003
631812.013
632183.003
632202.013
632217.003
632219.013
633966.003
634037.013
642094.001
642135.011
642224.003
642291.013
642299.003
642303.013
642562.003
642632.013
642705.001
642829.011
643884.003
644053.013
644122.001
644163.011
648014.003
648097.013
648169.001
648236.004
648240.014
648254.011
652134.003
652173.013
652248.001
652258.004
652259.014
652305.011
662613.003
662642.013
663806.001
663824.011
666721.003
666783.013
666858.001
666886.011
675457.003
675611.013
675934.001
675946.004
675950.014
676011.004
676065.014
676068.004
676071.014
676094.011
676256.002
676283.012
676350.003
676397.013
676597.003
676683.013
679468.003
679501.013
692233.003
692265.013
692284.003
692286.013
692651.001
692670.011
700604.003
700646.013
704521.001
704560.011
704638.003
704664.013
705433.003
705469.013
710769.003
710803.013
710921.001
710961.011
724327.003
724382.013
728060.003
728070.013
728078.003
728120.013
732658.003
732680.013
739533.001
739573.004
739574.014
739604.011
739614.001
739619.011
739760.003
739796.013
741066.003
741109.013
744902.003
744941.013
745044.001
745071.011
750329.003
750412.013
758539.003
758566.013
759719.001
759767.011
759803.001
759937.011
760026.003
760069.013
762812.003
762848.013
766215.003
766278.013
766291.003
766293.013
767202.003
767223.013
767331.001
767335.011
767338.001
767354.011
767402.002
767410.012
767484.003
767511.013
774124.003
774143.013
774302.001
774325.011
779408.003
779439.013
779689.042
779689.1
360
1
80
1
0.006944
779689.11
781827.001
781880.011
784753.002
784794.012
784798.002
784802.012
784852.003
784889.013
792398.003
792466.013
792677.003
792692.013
792694.003
792714.013
792788.001
792830.011
794099.003
794143.013
794405.102
796943.003
796944.023
796964.033
797043.013
799343.003
799456.013
799617.003
799695.013
799803.003
799859.013
799870.003
799927.013
800132.003
800173.013
800183.003
800187.013
800281.001
800357.004
800359.014
800396.004
800401.014
800461.011
800523.001
800590.011
800603.001
800610.011
800835.003
800986.013
801044.003
801160.013
801220.003
801285.013
801292.003
801324.013
801418.001
801496.004
801505.014
801568.004
801579.014
801644.011
801650.001
801673.011
801763.001
801873.011
801926.001
801994.011
802110.001
802192.011
802223.101
802425.003
802580.013
802678.003
802718.013
802723.003
802745.013
802830.001
802831.021
802851.031
802892.004
802909.014
802923.011
802946.102
803925.101
805135.001
805136.021
805156.031
805185.004
805187.014
805194.004
805218.014
805230.011
807394.001
807466.004
807477.014
807493.011
807673.001
807717.004
807720.014
807826.011
807919.001
808003.011
808178.003
808179.023
808199.033
808270.013
810829.003
810912.013
811129.003
811226.013
811347.003
811432.013
811532.001
811561.004
811563.014
811565.004
811568.014
811571.004
811573.014
811619.004
811621.014
811633.004
811642.014
811645.004
811647.014
811649.004
811688.014
811692.004
811702.014
811803.011
811808.001
811872.004
811900.014
811911.011
811914.001
811954.011
811956.001
812007.011
812068.001
812137.011
812156.001
812161.011
812308.003
812441.013
812521.003
812620.013
812641.003
812679.013
812759.001
812769.004
812776.014
812823.004
3
25
17
3
25
17
M004
k
1
4
16
20
02
0
00
00
250
7
800
0
0
0
0
0
0
812850.014
812854.004
812860.014
812863.004
812865.014
812897.011
813658.001
813720.004
813726.014
813774.004
813775.014
813816.011
813859.001
813891.011
813893.001
813898.011
813909.001
813915.011
814052.003
814188.013
814271.003
814308.013
814399.003
814402.013
814488.003
814544.013
814619.001
814677.004
814680.014
814708.004
814710.014
814749.011
814762.001
814771.011
814971.001
815017.004
815020.014
815048.011
815808.001
815866.011
815955.003
816053.013
816128.003
816191.013
816194.003
816203.013
816300.001
816308.004
816310.014
816342.004
816345.014
816367.011
817046.003
817160.013
817232.001
817247.004
817248.014
817283.004
817285.014
817331.011
817351.001
817354.011
817450.002
817459.012
817506.003
817579.013
817920.003
817995.013
818052.001
818064.004
818065.014
818066.004
818067.014
818168.011
818188.001
818191.011
818481.003
818533.013
818672.001
818716.004
818718.014
818739.011
819657.003
819723.013
819724.003
819776.013
819847.001
819856.004
819859.014
819903.004
819904.014
819905.004
819912.014
819918.004
819919.014
819930.004
819941.014
819984.011
820121.002
820180.012
820237.003
820302.013
820684.003
820713.013
820736.003
820771.013
821045.003
821111.013
821173.003
821223.013
821283.001
821293.004
821295.014
821298.004
821300.014
821395.011
821420.001
821425.011
821842.003
821921.013
821939.003
821987.013
822031.003
822069.013
822149.001
822208.004
822210.014
822360.011
822553.003
822591.013
823780.001
823930.011
824085.003
824277.013
824419.001
824461.004
824463.014
824523.011
825231.001
825279.011
825333.001
825345.011
825432.003
825497.013
825552.003
825622.013
825691.001
825702.004
825705.014
825709.004
825712.014
825752.011
825792.001
825844.011
826119.003
826138.013
826154.003
826156.013
827213.001
827268.011
827380.003
827433.013
827509.003
827560.013
827649.001
827702.011
828976.003
829034.013
829100.001
829150.004
829154.014
829158.004
829160.014
829181.011
829219.001
829249.011
829289.102
829992.003
829993.023
830013.033
830093.013
833093.003
833209.013
833266.003
833305.013
833372.003
833400.013
833441.003
833467.013
833553.001
833623.004
833625.014
833686.011
833876.003
833933.013
834034.003
834163.013
834169.003
834170.013
834189.003
834194.013
834196.003
834198.013
834482.003
834524.013
834603.001
834663.004
834664.014
834708.011
834937.003
835060.013
836309.003
836401.013
836479.001
836487.004
836488.014
836538.102
836550.004
836554.014
836579.011
837292.001
837355.011
837516.003
837517.023
837537.033
837592.013
840666.003
840734.013
842125.003
842208.013
842484.003
842548.013
842655.001
842804.011
842818.001
842822.011
843233.003
843316.013
843322.003
843356.013
843426.001
843495.011
844965.003
845110.013
845116.003
845119.013
845127.003
845133.013
845207.001
845244.011
846334.003
846377.013
846410.003
846426.013
846503.001
846573.011
847507.003
847564.013
847635.001
847691.004
847693.014
847726.011
847887.003
847945.013
849041.003
849079.013
849148.001
849217.011
849940.003
849987.013
850048.001
850084.011
850874.003
850922.013
850988.001
851040.011
851945.102
852545.003
852546.023
852566.033
852635.013
855464.003
855549.013
855707.001
855721.004
855723.014
855787.004
855789.014
855790.004
855792.014
855821.004
855824.014
855849.011
855927.002
855930.012
855990.003
856069.013
856302.003
856352.013
856433.001
856489.011
857342.003
857409.013
857486.001
857550.011
858293.003
858344.013
858345.003
858350.013
858442.001
858476.011
859966.003
860022.013
860026.003
860035.013
860043.003
860047.013
860137.003
860163.013
860166.003
860172.013
860256.001
860314.011
861124.003
861183.013
861279.001
861311.011
862146.003
862213.013
862347.001
862387.011
863663.003
863708.013
865728.102
866360.003
866361.023
866381.033
866453.013
869788.003
869856.013
869859.003
869866.013
870072.003
870122.013
870203.001
870213.004
870216.014
870303.011
871464.003
871531.013
871535.003
871547.013
871686.001
871722.011
875842.001
875923.011
875963.001
875985.011
876090.003
876148.013
876150.003
876208.013
876251.003
876275.013
876276.003
876278.013
876299.003
876347.013
876364.003
876367.013
876490.001
876545.011
876892.003
876921.013
881030.001
881092.011
881142.001
881155.011
881260.003
881304.013
881317.003
881322.013
882051.101
883468.001
883469.021
883489.031
883521.004
883523.014
883529.004
883549.014
883569.011
885819.001
885901.011
885967.001
886081.011
886220.003
886288.013
886310.003
886317.013
886457.001
886509.004
886513.014
886567.011
887530.003
887624.013
887625.003
887631.013
887705.003
887736.013
887797.001
887867.011
889130.102
889974.001
890012.011
890025.001
890030.011
890042.001
890046.011
890131.003
890132.023
890152.033
890217.013
893324.003
893374.013
894372.003
894479.013
894562.001
894604.011
896097.102
896449.003
896450.023
896470.033
896543.013
899459.003
899494.013
899626.001
899693.011
901931.102
902018.003
902019.023
902039.033
902089.013
904324.101
904529.003
904555.013
904769.001
904770.021
904790.031
904817.004
904835.014
904844.011
906439.102
907565.001
907626.004
907629.014
907632.004
907637.014
907663.011
907991.001
908056.011
908302.003
908303.023
908323.033
908404.013
911431.003
911462.013
911604.003
911632.013
911727.001
911740.004
911741.014
911806.011
913224.001
913313.011
913432.003
913645.013
913866.001
913916.011
914772.003
914820.013
914822.003
914829.013
914894.001
914940.011
916714.003
916757.013
916835.003
916867.013
916930.001
916962.011
918331.002
918362.012
918476.003
918541.013
918565.003
918600.013
918677.001
918705.004
918729.014
918760.011
919597.102
920649.001
920684.011
920759.003
920760.023
920780.033
920842.013
923810.003
923840.013
923990.001
924049.011
925190.003
925266.013
925369.001
925405.011
927539.001
927550.004
927555.014
927603.004
927606.014
927636.011
927755.003
927804.013
927817.003
927825.013
932131.003
932184.013
933659.102
934912.001
935006.011
935012.001
935017.011
935101.003
935102.023
935122.033
935192.013
938098.003
938135.013
938263.001
938333.011
940304.003
940355.013
940357.003
940381.013
940479.001
940502.101
940504.021
940524.031
940570.004
940578.014
940588.011
943102.001
943155.011
943572.001
943628.004
943631.014
943632.004
943633.014
943653.011
943788.102
944762.003
944763.023
944783.033
944844.013
945613.102
948694.003
948695.023
948715.033
948786.013
952253.003
952294.013
952478.001
952500.004
952502.014
952539.011
953883.001
953896.004
953898.014
953901.004
953903.014
953977.011
954079.003
954148.013
954164.003
954194.013
955646.003
955727.013
955800.001
955834.011
957318.003
957389.013
957393.003
957397.013
957462.001
957481.004
957486.014
957492.004
957518.014
957518.102
957530.011
958616.003
958617.023
958637.033
958728.013
961572.003
961618.013
961754.001
961798.011
963097.003
963148.013
963232.001
963267.011
963983.003
964023.013
964089.001
964118.011
964806.102
965535.003
965536.023
965556.033
965631.013
966313.102
967997.003
967998.023
968018.033
968078.013
971127.003
971256.013
971390.003
971408.013
971491.001
971566.011
973007.003
973071.013
973159.001
973234.011
974818.003
974872.013
974944.001
974987.011
975741.003
975786.013
975860.001
975884.011
976461.003
976505.013
976585.001
976629.011
977821.003
977869.013
977979.003
978035.013
978099.001
978112.004
978116.014
978160.011
978830.003
978862.013
978864.003
978874.013
978948.001
978984.011
984000.003
984039.013
984044.003
984049.013
986543.003
986584.013
986601.003
986606.013
986702.003
986724.013
986788.001
986843.011
988740.003
988788.013
988815.003
988820.013
988919.003
988955.013
989031.001
989046.004
989048.014
989121.011
989810.102
991459.101
992289.001
992290.021
992310.031
992347.004
992349.014
992356.004
992366.014
992384.011
994588.001
994663.011
994878.001
994909.011
995014.003
995015.023
995035.033
995139.013
998279.003
998324.013
998588.003
998649.013
998725.001
998740.004
998741.014
998819.011
999955.003
1000034.101
1000074.013
1000104.003
1000133.013
1000226.001
1000227.021
1000247.031
1000282.004
1000303.014
1000314.011
1002213.001
1002266.004
1002269.014
1002273.004
1002274.014
1002293.011
1003876.001
1003989.011
1004073.002
1004110.012
1004218.003
1004269.013
1004285.003
1004290.013
1004434.001
1004478.011
1005180.101
1005969.003
1006053.013
1006129.001
1006130.021
1006150.031
1006180.004
1006182.014
1006189.004
1006200.014
1006210.011
1007783.001
1007792.004
1007795.014
1007826.011
1009230.001
1009302.011
1009382.003
1009432.013
1010864.003
1010897.013
1011008.001
1011046.011
1011660.102
1013433.001
1013493.011
1013592.003
1013593.023
1013613.033
1013673.013
1015767.003
1015805.013
1015948.001
1015962.004
1015965.014
1015996.011
1017358.003
1017419.013
1017498.001
1017576.011
1021248.001
1021292.011
1021397.003
1021449.013
1021472.003
1021476.013
1029259.002
1029266.012
1029383.003
1029459.013
1029550.003
1029575.013
1029597.003
1029608.013
1029694.001
1029712.004
1029737.014
1029741.004
1029754.014
1029756.004
1029763.014
1029781.011
1032051.003
3
25
17
3
25
17
M004
k
1
4
16
20
02
0
00
00
250
7
800
0
0
0
0
0
0
1032118.013
1032136.003
1032152.013
1032223.001
1032306.011
1033414.101
1034036.003
1034077.013
1034158.001
1034159.021
1034179.031
1034230.004
1034233.014
1034236.004
1034239.014
1034250.011
1037076.001
1037085.004
1037086.014
1037159.011
1040574.003
1040633.013
1040646.003
1040656.013
1040771.001
1040785.004
1040787.014
1040789.004
1040792.014
1040829.004
1040832.014
1040849.011
1043105.003
1043154.013
1043185.003
1043188.013
1043325.003
1043359.013
1043429.001
1043442.004
1043448.014
1043470.011
1044556.102
1045804.003
1045805.023
1045825.033
1045895.013
1048406.003
1048473.013
1048554.001
1048609.011
1049693.003
1049746.013
1049942.003
1050010.013
1050096.001
1050159.011
1051297.003
1051344.013
1051424.001
1051466.011
1052268.003
1052310.013
1052374.001
1052425.011
1053292.003
1053330.013
1055230.003
1055284.013
1055734.003
1055776.013
1055833.001
1055885.011
1058450.003
1058503.013
1058570.001
1058615.011
1062747.001
1062796.011
1062837.001
1063013.011
1063160.003
1063212.013
1063231.003
1063237.013
1065610.001
1065674.011
1065756.003
1065810.013
1066873.003
1066937.013
1067009.002
1067015.012
1067061.001
1067106.011
1072784.003
1072908.013
1072975.001
1073034.011
1074786.003
1074844.013
1074926.001
1074962.011
1076198.102
1077067.003
1077068.023
1077088.033
1077161.013
1077164.003
1077168.013
1079822.003
1079849.013
1080847.003
1080905.013
1083814.102
1085471.001
1085539.011
1085640.003
1085641.023
1085661.033
1085723.013
1088757.003
1088805.013
1089085.001
1089141.004
1089143.014
1089183.011
1091034.003
1091083.013
1091186.001
1091235.011
1093091.001
1093153.011
1093252.003
1093313.013
1093337.003
1093377.013
1094463.003
1094510.013
1094582.001
1094637.011
1095982.003
1096034.013
1096120.001
1096128.004
1096130.014
1096135.004
1096137.014
1096184.011
1097201.003
1097232.013
1097292.001
1097346.011
1098170.001
1098273.011
1098352.003
1098501.013
1099554.003
1099592.013
1099660.001
1099697.011
1099743.002
1099753.012
1099774.002
1099775.012
1099844.003
1099896.013
1101040.102
1101606.003
1101607.023
1101627.033
1101717.013
1101800.001
1101837.011
1102971.101
1103591.003
1103637.013
1103701.001
1103702.021
1103722.031
1103778.004
1103781.014
1103782.004
1103784.014
1103796.011
1104500.102
1106572.001
1106581.004
1106582.014
1106650.011
1106974.001
1107032.011
1107154.001
1107218.011
1107356.003
1107357.023
1107377.033
1107432.013
1107891.102
1112738.003
1112739.023
1112759.033
1112824.013
1115192.102
1116670.003
1116671.023
1116691.033
1116758.013
1120195.003
1120294.013
1120466.003
1120515.013
1120754.001
1120815.004
1120831.014
1120857.011
1121287.003
1121395.013
1122774.001
1122862.011
1122931.001
1122976.011
1122993.001
1122997.011
1123109.003
1123297.013
1123390.001
1123440.011
1124426.001
1124510.011
1124594.003
1124695.013
1124715.003
1124718.013
1125820.003
1125869.013
1125875.003
1125880.013
1125953.001
1125990.011
1127536.003
1127579.013
1127657.001
1127666.004
1127673.014
1127709.011
1129520.003
1129601.013
1129685.001
1129759.011
1130770.102
1131780.003
1131781.023
1131801.033
1131858.013
1135004.003
1135095.013
1136868.003
1136932.013
1137017.001
1137083.011
1137835.003
1137877.013
1139419.003
1139464.013
1139621.003
1139657.013
1139734.001
1139774.011
1140399.003
1140429.013
1140517.001
1140568.011
1141526.003
1141570.013
1142229.003
1142267.013
1142331.001
1142383.011
1142408.001
1142409.011
1143978.003
1144037.013
1144058.003
1144061.013
1144133.001
1144153.102
1144170.011
1149957.001
1150056.004
1150058.014
1150065.011
1150112.001
1150139.011
1150239.003
1150240.023
1150260.033
1150332.013
1152183.102
1152887.003
1152888.023
1152908.033
1152977.013
1156036.003
1156146.013
1156161.003
1156165.013
1157478.003
1157570.013
1157673.001
1157770.011
1157776.001
1157820.004
1157822.014
1157834.011
1159047.003
1159138.013
1159152.003
1159222.013
1159316.001
1159354.004
1159356.014
1159359.004
1159362.014
1159388.011
1160635.003
1160667.013
1160738.001
1160778.011
1162835.003
1162919.013
1163013.001
1163023.004
1163026.014
1163051.011
1164696.003
1164746.013
1164892.003
1164919.013
1165003.001
1165046.011
1165195.003
1165228.013
1166508.003
1166540.013
1168171.003
1168228.013
1169714.003
1169763.013
1169829.001
1169868.011
1172487.001
1172529.011
1172567.001
1172570.011
1172688.003
1172738.013
1172755.003
1172760.013
1173648.001
1173674.011
1176916.003
1176972.013
1182317.001
1182353.004
1182356.014
1182423.011
1182436.001
1182439.011
1182528.003
1182573.013
1182593.003
1182596.013
1183053.001
1183087.011
1183128.002
1183148.012
1183153.002
1183176.012
1183357.003
1183492.013
1183584.003
1183599.013
1183633.003
1183690.013
1183762.001
1183874.011
1183985.002
1184094.012
1184317.001
1184328.004
1184329.014
1184377.011
1184387.001
1184395.011
1184397.001
1184399.011
1184402.001
1184426.011
1184441.001
1184445.011
1184845.003
1184966.013
1185120.002
1185178.012
1201067.001
1201119.011
1201160.001
1201238.011
1201338.003
1201408.013
1201423.003
1201427.013
1203725.001
1203783.011
1203901.003
1203967.013
1203968.003
1203989.013
1204952.001
1205040.011
1205148.003
1205251.013
1205302.003
1205377.013
1205464.001
1205495.011
1206427.003
1206500.013
1206528.003
1206551.013
1206632.001
1206650.004
1206667.014
1206699.004
1206701.014
1206717.011
1208634.003
1208691.013
1214142.001
1214251.011
1214342.003
1214407.013
1214410.003
1214416.013
1215634.003
1215716.013
1215913.001
1215950.004
1215951.014
1215961.011
1216341.102
1216885.003
1216886.023
1216906.033
1217020.013
1219459.102
1220628.003
1220629.023
1220649.033
1220715.013
1223461.003
1223556.013
1223697.003
1223777.013
1223922.003
1223995.013
1224009.003
1224033.013
1224175.001
1224187.004
1224189.014
1224274.004
1224277.014
1224279.004
1224284.014
1224306.004
1224311.014
1224313.004
1224320.014
1224338.004
1224341.014
1224355.011
1224513.002
1224540.012
1224633.003
1224768.013
1224780.003
1224848.013
1224877.003
1224921.013
1225007.003
1225050.013
1225059.003
1225145.013
1225151.003
1225177.013
1225276.001
1225327.004
1225332.014
1225339.004
1225343.014
1225369.004
1225372.014
1225490.011
1225526.001
1225611.011
1225879.003
1226047.013
1226049.003
1226060.013
1226185.003
1226262.013
1226338.001
1226348.004
1226351.014
1226392.004
1226394.014
1226422.011
1226636.101
1227491.001
1227492.021
1227512.031
1227529.004
1227530.014
1227535.004
1227554.014
1227569.011
1230565.101
1230665.001
1230666.021
1230686.031
1230727.004
1230751.014
1230764.011
1234153.001
1234223.004
1234226.014
1234230.004
1234233.014
1234262.011
1234420.001
1234470.004
1234475.014
1234538.011
1234605.001
1234640.011
1234647.001
1234728.011
1234867.003
1234982.013
1235038.003
1235129.013
1235484.001
1235493.004
1235494.014
1235495.004
1235496.014
1235534.004
1235537.014
1235563.004
1235565.014
1235618.011
1235981.002
1236010.102
1236063.012
1236137.003
1236138.023
1236158.033
1236220.013
1239172.003
1239255.013
1239448.003
1239511.013
1239604.003
1239631.013
1239798.001
1239892.011
1240648.001
1240658.004
1240664.014
1240701.004
1240707.014
1240753.011
1240878.003
1240954.013
1240962.003
1240970.013
1241157.001
1241202.004
1241205.014
1241206.004
1241209.014
1241228.011
1242070.003
1242210.013
1242228.003
1242256.013
1242344.001
1242352.004
1242358.014
1242359.004
1242364.014
1242393.004
1242397.014
1242400.004
1242415.014
1242436.011
1242797.003
1242854.013
1242862.003
1242892.013
1243010.003
1243037.101
1243081.013
1243150.001
1243151.021
1243171.031
1243208.004
1243228.014
1243247.011
1245831.102
1247207.001
1247284.004
1247288.014
1247290.004
1247293.014
1247316.011
1247477.101
1247507.001
1247508.021
1247528.031
1247571.004
1247591.014
1247602.011
1249855.101
1251519.001
1251520.021
1251540.031
1251584.004
1251595.014
1251609.011
1254266.001
1254287.004
1254288.014
1254289.004
1254289.101
1254291.014
1254291.021
1254311.031
1254346.004
1254348.014
1254355.004
1254370.014
1254384.011
1255678.101
1257378.001
1257379.021
1257399.031
1257429.004
1257446.014
1257467.011
1259984.001
1260056.011
1260403.001
1260413.004
1260415.014
1260484.011
1260582.001
1260595.004
1260597.014
1260680.011
1260853.003
1260854.023
1260874.033
1260968.013
1261082.001
1261092.004
1261095.014
1261111.004
1261115.014
1261142.011
1262885.001
1262939.004
1262944.014
1263082.011
1263133.001
1263176.011
1263190.001
1263195.011
1263332.003
1263378.013
1263387.003
1263393.013
1263466.003
1263504.013
1263512.003
1263529.013
1263617.001
1263622.004
1263627.014
1263688.011
1264464.001
1264520.011
1264564.001
1264595.011
1264695.003
1264749.013
1264789.003
1264830.013
1264944.001
1264991.011
1265477.003
1265512.013
1265591.001
1265637.004
1265639.014
1265640.004
1265642.014
1265672.011
1265907.001
1265915.004
1265921.014
1265966.011
1267182.001
1267194.004
1267200.014
1267253.004
1267255.014
1267294.011
1267405.003
1267524.013
1268068.002
1268077.012
1268142.003
1268180.013
1268331.003
1268373.013
1268383.003
1268389.013
1268409.003
1268414.013
1268496.001
1268572.011
1269640.003
1269678.013
1269769.001
1269818.011
1270922.003
1270972.013
1270977.003
1271038.013
1271084.003
1271090.013
1271178.002
1271201.012
1271252.001
1271322.011
1271445.003
1271475.013
1276359.001
1276369.004
1276372.014
1276433.011
1276585.003
1276632.013
1276634.003
1276639.013
1280218.003
1280279.013
1280372.001
1280412.011
1281101.102
1284304.003
1284305.023
1284325.033
1284399.013
1287709.003
1287760.013
1288213.001
1288287.011
1288313.001
1288417.011
1294703.102
1296714.001
1296787.011
1296876.003
1296877.023
1296897.033
1296964.013
1300074.003
1300137.013
1300421.003
1300508.013
1300612.001
1300688.004
1300689.014
1300690.004
1300697.014
1300747.011
3
25
17
3
25
17
M004
k
1
4
16
20
02
0
00
00
250
7
800
0
0
0
0
0
0
1302027.102
1305056.001
1305109.011
1305194.003
1305195.023
1305215.033
1305279.013
1305298.003
1305306.013
1307136.003
1307192.013
1309789.001
1309854.011
1309983.003
1310024.013
1310031.003
1310032.013
1310177.001
1310212.011
1311137.102
1312740.001
1312774.011
1312885.003
1312886.023
1312906.033
1312960.013
1314255.003
1314301.013
1314385.003
1314422.013
1314501.001
1314551.011
1318381.102
1318723.001
1318788.011
1318878.003
1318879.023
1318899.033
1318982.013
1322280.003
1322330.013
1322535.003
1322615.013
1322779.001
1322824.004
1322827.014
1322852.011
1327818.102
1357050.001
1357113.011
1357266.003
1357267.023
1357287.033
1357424.013
1358502.003
1358557.013
1358602.003
1358622.013
1358650.003
1358672.013
1358765.001
1358775.004
1358776.014
1358777.004
1358782.014
1358843.011
1361027.001
1361070.011
1361128.102
1361207.003
1361208.023
1361228.033
1361283.013
1362414.102
1364784.003
1364785.023
1364805.033
1364880.013
1368671.003
1368764.013
1368870.003
1368914.013
1368918.003
1368923.013
1369132.003
1369295.013
1369618.001
1369700.004
1369704.014
1369716.004
1369740.014
1369744.004
1369767.014
1369786.004
1369801.014
1369819.011
1370001.002
1370014.012
1370032.102
1370213.003
1370214.023
1370234.033
1370293.013
1372042.102
1373750.003
1373751.023
1373771.033
1373846.013
1377214.102
1377536.003
1377537.023
1377557.033
1377632.013
1379198.102
1380715.003
1380716.023
1380736.033
1380797.013
1383656.003
1383801.013
1384094.003
1384175.013
1384327.003
1384382.013
1384526.001
1384591.004
1384594.014
1384599.004
1384600.014
1384637.011
1384738.002
1384745.012
1384834.003
1385161.013
1385253.003
1385305.013
1385307.003
1385312.013
1385325.003
1385333.013
1385497.001
1385567.004
1385569.014
1385604.011
1385896.003
1386008.013
1386009.003
1386076.013
1386161.001
1386175.004
1386180.014
1386183.004
1386185.014
1386215.004
1386219.014
1386267.011
1387763.001
1387807.011
1387859.001
1387876.011
1387973.003
1388129.013
1388176.003
1388242.013
1388263.003
1388268.013
1388359.001
1388400.004
1388403.014
1388405.004
1388406.014
1388431.011
1389510.001
1389601.011
1389704.003
1389809.013
1389821.003
1389830.013
1389957.102
1390000.003
1390001.023
1390021.033
1390096.013
1393588.003
1393703.013
1394284.003
1394393.013
1394510.001
1394515.101
1394517.021
1394537.004
1394537.031
1394539.014
1394591.004
1394599.014
1394609.011
1397802.001
1397816.004
1397817.014
1397867.004
1397869.014
1397912.011
1398094.001
1398153.004
1398158.014
1398190.004
1398193.014
1398228.011
1398297.001
1398326.004
1398332.014
1398391.011
1398629.003
1398732.013
1398798.003
1398866.013
1398956.001
1398963.004
1398968.014
1399014.102
1399050.011
1399506.003
1399507.023
1399527.033
1399597.013
1403034.003
1403121.013
1403323.102
1403411.003
1403412.023
1403432.033
1403510.013
1403844.102
1407114.003
1407115.023
1407135.033
1407183.013
1409160.101
1410219.003
1410297.013
1410650.003
1410748.013
1410841.102
1410900.003
1410901.023
1410921.033
1410996.013
1413984.003
1414054.013
1414332.003
1414378.013
1414655.003
1414723.013
1414841.001
1414842.021
1414862.031
1414943.011
1417348.001
1417360.004
1417364.014
1417404.004
1417405.014
1417459.011
1417827.001
1417838.004
1417840.014
1417884.011
1417991.001
1417998.004
1418002.014
1418070.011
1418242.003
1418291.013
1418342.003
1418363.013
1418394.003
1418441.013
1418552.001
1418578.011
1420815.003
1420905.013
1420922.003
1420932.013
1420979.003
1421005.013
1421145.001
1421161.004
1421162.014
1421171.004
1421187.014
1421188.004
1421193.014
1421195.004
1421201.014
1421204.004
1421208.014
1421246.011
1421722.003
1421802.013
1421943.001
1421980.011
1422030.002
1422048.012
1422132.003
1422161.013
1423165.003
1423228.013
1423369.003
1423424.013
1423429.003
1423436.013
1423541.001
1423561.004
1423565.014
1423618.011
1428661.102
1493763.001
1493845.011
1493975.003
1493976.023
1493996.033
1494059.013
1496210.003
1496295.013
1496467.003
1496532.013
1496727.003
1496789.013
1496896.003
1496944.013
1496971.003
1496998.013
1497114.003
1497216.013
1497325.003
1497385.013
1497417.003
1497421.013
1497449.003
1497494.013
1497634.001
1497733.004
1497743.014
1497755.011
1498018.002
1498043.012
1498148.003
1498225.013
1498324.003
1498378.013
1498487.003
1498594.013
1498792.003
1498841.013
1498962.001
1499037.004
1499041.014
1499073.004
1499076.014
1499119.011
1500488.003
1500615.013
1500624.003
1500663.013
1501111.003
1501194.013
1501413.001
1501480.004
1501482.014
1501519.011
1505073.102
1506081.001
1506139.011
1506346.003
1506347.023
1506367.033
1506426.013
1508808.003
1508874.013
1509095.003
1509187.013
1509457.001
1509514.004
1509516.014
1509563.011
1509793.002
1509821.012
1509929.003
1510058.013
1510071.003
1510079.013
1510277.003
1510393.013
1510577.001
1510626.011
1511883.003
1511991.013
1512067.003
1512136.013
1512295.001
1512313.004
1512316.014
1512350.004
1512353.014
1512356.004
1512357.014
1512384.011
1512501.102
1512811.003
1512812.023
1512832.033
1512905.013
1515709.003
1515800.013
1516481.003
1516584.013
1516594.003
1516604.013
1516846.003
1516917.013
1517056.001
1517069.004
1517072.014
1517135.004
1517137.014
1517141.004
1517151.014
1517170.004
1517192.014
1517240.011
1517471.003
1517598.013
1517640.003
1517740.013
1517884.003
1518003.013
1518428.003
1518548.013
1518757.001
1518770.004
1518772.014
1518779.004
1518781.014
1518784.004
1518786.014
1518811.004
1518814.014
1518867.011
1519098.002
1519146.012
1519263.003
1519365.013
1519418.003
1519471.013
1519494.003
1519522.013
1519753.003
1519775.013
1519870.003
1519910.013
1520062.001
1520108.004
1520113.014
1520136.011
1521837.001
1521981.011
1522157.003
1522250.013
1522419.001
1522470.004
1522474.014
1522528.011
1522852.003
1522915.013
1522974.003
1523010.013
1523141.001
1523152.004
1523158.014
1523186.004
1523190.014
1523202.011
1525223.102
1526472.001
1526516.011
1526612.001
1526653.011
1526804.003
1526805.023
1526825.033
1526886.013
1527530.102
1530458.003
1530459.023
1530479.033
1530570.013
1533714.003
1533835.013
1533963.003
1534013.013
1534267.001
1534330.004
1534333.014
1534372.004
1534380.014
1534408.011
1534584.001
1534620.011
1534858.003
1534960.013
1535011.003
1535072.013
1535117.003
1535191.013
1535354.003
1535403.013
1535559.001
1535640.011
1535687.102
1535928.003
1535929.023
1535949.033
1536016.013
1539194.003
1539275.013
1539566.003
1539627.013
1539837.003
1539889.013
1540073.003
1540110.013
1540260.001
1540335.004
1540336.014
1540360.004
1540367.014
1540368.004
1540372.014
1540408.011
1544057.001
1544125.011
1544258.003
1544335.013
1544349.003
1544357.013
1544499.003
1544545.013
1544642.001
1544763.011
1546736.001
1546795.011
1546943.003
1547023.013
1547874.003
1547948.013
1548052.001
1548068.004
1548069.014
1548126.011
1550245.001
1550301.011
1550454.003
1550509.013
1550659.001
1550697.011
1554391.102
1555476.003
1555477.023
1555497.033
1555562.013
1559294.003
1559377.013
1559697.003
1559747.013
1559864.001
1559931.004
1559940.014
1559978.011
1560039.002
1560061.012
1560172.003
1560232.013
1562686.102
1578529.101
1942791.001
1942792.021
1942812.031
1942838.004
1942841.014
1942842.004
1942880.014
1942882.004
1942890.014
1942908.011
1946096.001
1946184.011
1946434.001
1946449.004
1946456.014
1946543.011
1946752.003
1946753.023
1946773.033
1946872.013
1947029.003
1947216.013
1947528.003
1947622.013
1948015.003
1948192.013
1948452.001
1948519.004
1948526.014
1948534.004
1948535.014
1948610.011
1948758.001
1948821.011
1948886.002
1948908.012
1949045.003
1949273.013
1949275.003
1949285.013
1949678.003
1949812.013
1949884.003
1949915.013
1950058.001
1950168.004
1950173.014
1950174.004
1950182.014
1950190.004
1950208.014
1950235.004
1950242.014
1950267.011
1950420.001
1950430.004
1950437.014
1950472.011
1950478.001
1950493.011
1950609.002
1950628.012
1950779.003
1950859.013
1950892.003
1950935.013
1951800.003
1951876.013
1951950.003
1952014.013
1952172.001
1952215.004
1952222.014
1952246.004
1952258.014
1952260.004
1952262.014
1952340.011
1952476.002
1952489.012
1952668.003
1952797.013
1952832.003
1952895.013
1952930.003
1952935.013
1953075.003
1953126.013
1953260.001
1953289.004
1953291.014
1953340.004
1953343.014
1953457.004
1953488.014
1953498.004
1953508.014
1953514.004
1953515.014
1953516.004
1953519.014
1953536.004
1953540.014
1953548.004
1953549.014
1953551.004
1953556.014
1953608.004
1953613.014
1953650.011
1953787.001
1953915.011
1954104.001
1954151.004
1954154.014
1954222.011
1954691.001
1954797.011
1954985.003
1955108.013
1955242.003
1955334.013
1955476.001
1955497.004
1955499.014
1955565.004
1955574.014
1955619.004
1955631.014
1955676.011
1955961.003
1956004.013
1956049.003
1956059.013
1956075.003
1956122.013
1956492.003
1956548.013
1956860.003
1956946.013
1957088.001
1957107.004
1957109.014
1957173.004
1957177.014
1957239.011
1957295.001
1957371.011
1957607.001
1957657.004
1957660.014
1957717.004
1957726.014
1957729.004
1957733.014
1957772.011
1958109.003
1958163.013
1958237.003
1958290.013
1958393.003
1958483.013
1958709.001
1958815.011
1959190.003
1959266.102
1959268.023
1959288.033
1959400.013
1959578.101
1962893.003
1963034.013
1963254.003
1963360.013
1966571.003
1966693.013
1967080.003
1967243.013
1967447.003
1967636.013
1967637.003
1967639.013
1968006.001
1968007.021
1968027.031
1968087.004
1968088.014
1968103.011
1970854.001
1970867.004
1970870.014
1970947.004
1970954.014
1970982.004
1970987.014
1971026.011
1971282.001
1971342.011
1971732.003
1971864.013
1971995.003
1972091.013
1972313.003
1972411.013
1972637.001
1972652.004
1972654.014
1972716.004
1972720.014
1972722.004
1972731.014
1972750.004
1972784.014
1972841.011
1972997.001
1973060.004
