3
24
17
3
25
17
M001
k
1
1
12
35
45
0
00
00
250
7
800
0
0
0
0
0
0
3565512.049
3565512.112
3565512.027
3592842.003
3592843.013
3593024.001
3593025.011
3630525.001
3630526.011
3630808.003
3630809.013
3630818.006
3630819.016
3630867.006
3630868.016
3630878.006
3630879.016
3630927.003
3630928.013
3636852.001
3636853.011
3641002.002
3641003.012
3641137.003
3641138.013
3641146.006
3641147.016
3641157.006
3641158.016
3641315.002
3641316.012
3678016.001
3678017.011
3679102.003
3679103.013
3679110.006
3679111.016
3679122.006
3679123.016
3679168.003
3679169.013
3679190.006
3679191.016
3679231.006
3679232.016
3679289.003
3679290.013
3679539.002
3679540.012
3679785.001
3679786.011
3716560.002
3716561.012
3770887.003
3770888.013
3770953.003
3770954.013
3770986.003
3770987.013
3771019.003
3771020.013
3771198.001
3771199.011
3810766.001
3810767.011
3810979.003
3810980.013
4105538.049
4105538.027
4454248.001
4454249.011
4454266.001
4454267.011
5596567.001
5596568.011
5597982.003
5597983.013
5598082.006
5598083.016
5598090.006
5598091.016
5599118.003
5599119.013
5599183.003
5599184.013
5599895.003
5599896.013
5599957.006
5599958.016
5599961.006
5599962.016
5599972.006
5599973.016
5599981.006
5599982.016
5600036.006
5600037.016
5600039.006
5600040.016
5600063.006
5600064.016
5600520.003
5600521.013
5600553.006
5600554.016
5600562.006
5600563.016
5600577.006
5600578.016
5600635.006
5600636.016
5600676.006
5600677.016
5600717.006
5600718.016
5600729.006
5600730.016
5600760.006
5600761.016
5600784.006
5600785.016
5600804.006
5600805.016
5612915.003
5612916.013
5613313.001
5613314.011
5627341.002
5627342.012
5627349.002
5627350.012
5628987.001
5628988.011
5631849.002
5631850.012
5631897.002
5631898.012
5631969.002
5631970.012
5632005.002
5632006.012
5637684.003
5637685.013
6704786.002
6704787.012
6705076.003
6705077.013
6705166.003
6705167.013
6817485.003
6817486.013
6817494.003
6817495.013
6819497.001
6819498.011
6830570.003
6830571.013
6850739.003
6850740.013
6852790.001
6852791.011
6853256.003
6853257.013
6853268.006
6853269.016
6853273.006
6853274.016
6864136.003
6864137.013
6864151.006
6864152.016
6864161.006
6864162.016
6864230.006
6864231.016
6864236.006
6864237.016
6864243.006
6864244.016
6864330.006
6864331.016
6864354.006
6864355.016
6864361.006
6864362.016
6864369.006
6864370.016
6864512.003
6864513.013
6864527.006
6864528.016
6864531.006
6864532.016
6864540.006
6864541.016
6864549.006
6864550.016
6864578.006
6864579.016
6864588.006
6864589.016
6864641.006
6864642.016
6864654.006
6864655.016
6864791.006
6864792.016
6864848.006
6864849.016
6864866.006
6864867.016
6864879.006
6864880.016
6864895.006
6864896.016
6864959.006
6864960.016
6865005.003
6865006.013
6865123.006
6865124.016
6865143.006
6865144.016
6865162.006
6865163.016
6900303.003
6900304.013
6900351.003
6900352.013
6901450.003
6901451.013
6901464.006
6901465.016
6902000.001
6902001.011
6960855.003
6960856.013
6961015.001
6961016.011
6962162.003
6962163.013
6962172.006
6962173.016
6964970.003
6964971.013
6964979.006
6964980.016
6968179.002
6968180.012
6971925.001
6971926.011
6977764.003
6977765.013
7000433.002
7000434.012
7000565.003
7000566.013
7018740.001
7018741.011
7019123.003
7019124.013
7019138.006
7019139.016
7034167.001
7034168.011
7764135.001
7764136.011
7764529.003
7764530.013
7765844.003
7765845.013
7765871.006
7765872.016
7765880.006
7765881.016
7765908.006
7765909.016
7766197.001
7766198.011
7767260.003
7767261.013
7767269.006
7767270.016
7768115.001
7768116.011
7769018.003
7769019.013
7769031.006
7769032.016
7769051.006
7769052.016
7769059.006
7769060.016
7769070.006
7769071.016
7769077.006
7769078.016
7769101.006
7769102.016
7769126.006
7769127.016
7769134.006
7769135.016
7769139.006
7769140.016
7769147.006
7769148.016
7769204.006
7769205.016
7769330.003
7769331.013
7769340.006
7769341.016
7769400.003
7769401.013
7769658.003
7769659.013
7769668.006
7769669.016
7769688.006
7769689.016
7769714.006
7769715.016
7769721.006
7769722.016
7769753.006
7769754.016
7769902.006
7769903.016
7769905.006
7769906.016
7769912.006
7769913.016
7770071.006
7770072.016
7770078.006
7770079.016
7770080.006
7770081.016
7770178.006
7770179.016
7770304.003
7770305.013
7770430.003
7770431.013
7770443.006
7770444.016
7770451.006
7770452.016
7770515.006
7770516.016
7770538.006
7770539.016
7770778.006
7770779.016
7770791.006
7770792.016
7770793.006
7770794.016
7770996.003
7770997.013
7772088.003
7772089.013
7772111.006
7772112.016
7772114.006
7772115.016
7772120.006
7772121.016
7772170.006
7772171.016
7772180.006
7772181.016
7772183.006
7772184.016
7772238.003
7772239.013
7772822.001
7772823.011
7819664.001
7819665.011
7819932.003
7819933.013
7819944.006
7819945.016
7823472.001
7823473.011
7825501.003
7825502.013
7825557.003
7825558.013
7825629.006
7825630.016
7825645.006
7825646.016
7825654.006
7825655.016
7826974.003
7826975.013
7826985.006
7826986.016
7826997.006
7826998.016
7834920.001
7834921.011
7836854.001
7836855.011
7842245.001
7842246.011
7851602.001
7851603.011
7851815.003
7851816.013
7851826.006
7851827.016
7854064.003
7854065.013
7855962.001
7855963.011
7871605.001
7871606.011
7872880.003
7872881.013
7872888.006
7872889.016
7873127.002
7873128.012
7873342.001
7873343.011
7873994.001
7873995.011
7882762.002
7882763.012
7882846.001
7882847.011
7883460.003
7883461.013
7884012.003
7884013.013
7885600.041
7885602.059
7885602.037
7887172.001
7887173.011
7887350.003
7887351.013
7888002.001
7888003.011
7889059.001
7889060.011
7889302.001
7889303.011
7889304.001
7889305.011
7890472.002
7890473.012
7890574.003
7890575.013
7890980.001
7890981.011
7891063.001
7891064.011
7891683.001
7891684.011
7892516.001
7892517.011
7892957.001
7892958.011
7894084.002
7894085.012
7894777.001
7894778.011
7896794.003
7896795.013
7896974.001
7896975.011
7898118.001
7898119.011
7898132.001
7898133.011
7898438.001
7898439.011
7899431.001
7899432.011
7900649.003
7900650.013
7900973.001
7900974.011
7902601.001
7902602.011
7904680.002
7904681.012
7904959.001
7904960.011
7907303.001
7907304.011
7907597.001
7907598.011
7911446.002
7911447.012
7911469.002
7911470.012
7911527.001
7911528.011
7911602.001
7911603.011
7911992.003
7911993.013
7912241.001
7912242.011
7913246.002
7913247.012
7915059.003
7915060.013
7915255.001
7915256.011
7917250.003
7917251.013
7920580.001
7920581.011
7921760.001
7921761.011
7922880.001
7922881.011
7928622.001
7928623.011
7928902.001
7928903.011
7929033.001
7929034.011
7929204.001
7929205.011
7929387.003
7929388.013
7929393.006
7929394.016
7929399.006
7929400.016
7931397.003
7931398.013
7931526.001
7931527.011
7935032.003
7935033.013
7935153.001
7935154.011
7936649.002
7936650.012
7936825.001
7936826.011
7937908.003
7937909.013
7940349.001
7940350.011
7947121.001
7947122.011
7948087.003
7948088.013
7952007.003
7952008.013
7952208.001
7952209.011
7955165.001
7955166.011
7955240.101
7956564.003
7956565.013
7956874.001
7956875.011
7956875.021
7956895.031
7958245.001
7958246.011
7958502.001
7958503.011
7959320.003
7959321.013
7960575.002
7960576.012
7960652.001
7960653.011
7962234.001
7962235.011
7963522.001
7963523.011
7963802.003
7963803.013
7965816.001
7965817.011
7978057.001
7978058.011
7978307.003
7978308.013
7978315.006
7978316.016
7978373.003
7978374.013
7978433.003
7978434.013
7978479.003
7978480.013
7978525.003
7978526.013
7978818.001
7978819.011
7979535.003
7979536.013
7979545.006
7979546.016
7980569.102
7981990.101
7985666.003
7985667.013
7985667.023
7985687.033
7985729.006
7985730.016
7985754.006
7985755.016
7987249.102
7988118.003
7988119.013
7988119.023
7988139.033
7988168.006
7988169.016
7990102.003
7990103.013
7991031.003
7991032.013
7991084.003
7991085.013
7991172.102
7991639.001
7991640.011
7991640.021
7991660.031
7992548.001
7992549.011
7993980.001
7993981.011
7994207.003
7994208.013
7994208.023
7994228.033
7994246.006
7994247.016
7996611.101
7996973.003
7996974.013
7997314.003
7997315.013
7997441.001
7997442.011
7997442.021
7997462.031
7998508.001
7998509.011
7998547.001
7998548.011
8000532.001
8000533.011
8000753.003
8000754.013
8000763.006
8000764.016
8000797.006
8000798.016
8000828.003
8000829.013
8002013.001
8002014.011
8003110.101
8004005.001
8004006.011
8004006.021
8004026.031
8006440.001
8006441.011
8006642.003
8006643.013
8006652.006
8006653.016
8007688.001
8007689.011
8007824.003
8007825.013
8007892.003
8007893.013
8009627.001
8009628.011
8009774.003
8009775.013
8009780.006
8009781.016
8009783.006
8009784.016
8011201.001
8011202.011
8015291.001
8015292.011
8021440.002
8021441.012
8021488.002
8021489.012
8021581.003
8021582.013
8021589.006
8021590.016
8021705.003
8021706.013
8021745.003
8021746.013
8021776.003
8021777.013
8021828.003
8021829.013
8021857.003
8021858.013
8021963.001
8021964.011
8024626.003
8024627.013
8024636.006
8024637.016
8025195.003
8025196.013
8025201.006
8025202.016
8028712.001
8028713.011
8028864.101
8028888.003
8028889.013
8028895.006
8028896.016
8030502.102
8031372.001
8031373.011
8031373.021
8031393.031
8032666.001
8032667.011
8032736.001
8032737.011
8039070.001
8039071.011
8039258.003
8039259.013
8039259.023
8039279.033
8039309.006
8039310.016
8040696.101
8041804.003
8041805.013
8041822.006
8041823.016
8045166.102
8050128.001
8050129.011
8050129.021
8050149.031
8051346.001
8051347.011
8054892.101
8056057.001
8056058.011
8056058.021
8056078.031
8060256.001
8060257.011
8060415.003
8060416.013
8060416.023
8060422.006
8060423.016
8060436.033
8061746.003
8061747.013
8065271.101
8069386.001
8069387.011
8069387.021
8069407.031
8071553.101
8072546.102
8080108.003
8080109.013
8080109.023
8080118.006
8080119.016
8080129.033
8080159.006
8080160.016
8081560.003
8081561.013
8081853.001
8081854.011
8081854.021
3
24
17
3
25
17
M001
k
1
1
12
35
45
0
00
00
250
7
765
0
0
0
0
0
0
8081874.031
8083026.102
8090183.003
8090184.013
8090184.023
8090197.006
8090198.016
8090204.033
8090230.006
8090231.016
8093808.003
8093809.013
8096349.001
8096350.011
8096465.001
8096466.011
8098003.101
8103895.001
8103896.011
8103896.021
8103916.031
8103998.101
8108740.102
8120964.003
8120965.013
8120965.023
8120985.033
8121015.006
8121016.016
8121027.006
8121028.016
8121033.006
8121034.016
8125644.003
8125645.013
8125854.001
8125855.011
8125855.021
8125863.001
8125864.011
8125875.031
8125979.001
8125980.011
8130143.101
8131360.102
8483036.001
8483037.011
8483037.021
8483057.031
8484769.001
8484770.011
8485414.001
8485415.011
8485436.001
8485437.011
8486045.003
8486046.013
8486046.023
8486066.033
8486087.006
8486088.016
8488689.003
8488690.013
8488716.006
8488717.016
8488765.003
8488766.013
8489011.003
8489012.013
8489517.003
8489518.013
8489694.001
8489695.011
8489878.002
8489879.012
8490018.003
8490019.013
8490025.006
8490026.016
8491123.001
8491124.011
8492147.102
8492428.002
8492429.012
8492531.003
8492532.013
8492532.023
8492545.006
8492546.016
8492552.033
8492583.006
8492584.016
8496787.003
8496788.013
8498850.003
8498851.013
8498896.003
8498897.013
8498940.003
8498941.013
8499166.001
8499167.011
8499684.001
8499685.011
8500122.102
8500235.003
8500236.013
8500236.023
8500256.033
8500289.006
8500290.016
8504326.003
8504327.013
8505614.002
8505615.012
8505734.003
8505735.013
8505859.003
8505860.013
8505897.003
8505898.013
8505920.003
8505921.013
8506176.102
8508375.001
8508376.011
8508600.003
8508601.013
8508601.023
8508621.033
8508652.006
8508653.016
8508657.006
8508658.016
8509980.101
8512109.102
8512711.002
8512712.012
8513297.003
8513298.013
8513298.023
8513305.006
8513306.016
8513318.033
8513339.006
8513340.016
8513357.006
8513358.016
8514842.102
8517920.003
8517921.013
8517921.023
8517941.033
8517970.006
8517971.016
8519894.102
8521638.003
8521639.013
8521639.023
8521659.033
8521685.006
8521686.016
8521690.006
8521691.016
8523638.102
8525972.003
8525973.013
8525973.023
8525993.033
8526034.006
8526035.016
8526040.006
8526041.016
8529169.003
8529170.013
8529729.003
8529730.013
8530675.001
8530676.011
8530676.021
8530696.031
8538906.102
8549884.101
8589464.001
8589465.011
8589465.021
8589485.031
8591046.001
8591047.011
8591498.003
8591499.013
8591499.023
8591506.006
8591507.016
8591519.033
8591559.006
8591560.016
8591567.006
8591568.016
8591715.102
8592713.003
8592714.013
8592714.023
8592734.033
8592762.006
8592763.016
8592769.006
8592770.016
8592815.006
8592816.016
8594110.003
8594111.013
8594187.003
8594188.013
8594329.003
8594330.013
8596594.001
8596595.011
8599983.102
8608954.101
8609105.001
8609106.011
8609106.021
8609126.031
8610640.001
8610641.011
8611013.003
8611014.013
8611014.023
8611034.033
8611071.006
8611072.016
8611077.006
8611078.016
8614148.003
8614149.013
8614409.001
8614410.011
8623117.102
8623635.001
8623636.011
8623832.003
8623833.013
8623833.023
8623853.033
8623881.006
8623882.016
8633998.001
8633999.011
8634005.001
8634006.011
8634022.001
8634023.011
8637851.003
8637852.013
8638204.102
8638494.101
8644121.001
8644122.011
8644122.021
8644142.031
8644172.001
8644173.011
8644254.001
8644255.011
8650080.101
8651697.001
8651698.011
8651698.021
8651718.031
8654456.101
8657882.003
8657883.013
8657883.023
8657903.033
8657949.006
8657950.016
8674774.102
8676429.001
8676430.011
8676430.021
8676450.031
8685333.003
8685334.013
8685334.023
8685354.033
8685376.006
8685377.016
8685381.006
8685382.016
8685876.101
8691496.102
8695002.002
8695003.012
8695068.001
8695069.011
8695069.021
8695071.001
8695072.011
8695089.031
8704350.001
8704351.011
8704379.101
8704383.001
8704384.011
8704384.021
8704404.031
8704569.001
8704570.011
8712026.001
8712027.011
8712195.101
8716371.002
8716372.012
8721545.001
8721546.011
8721546.021
8721566.031
8727650.003
8727651.013
8727651.023
8727661.006
8727662.016
8727671.033
8727703.006
8727704.016
8727705.006
8727706.016
8728862.003
8728863.013
8736085.101
8741925.102
8748435.001
8748436.011
8748436.021
8748456.031
8765111.003
8765112.013
8765112.023
8765132.033
8765162.006
8765163.016
8765197.006
8765198.016
8768524.002
8768525.012
8773104.002
8773105.012
8773211.003
8773212.013
8776004.001
8776005.011
8776031.001
8776032.011
8781453.001
8781454.011
8789059.102
8801009.002
8801010.012
8808522.001
8808523.011
8811691.101
8814474.001
8814475.011
8814475.021
8814495.031
8814991.101
8819048.003
8819049.013
8819049.023
8819062.003
8819063.013
8819069.033
8819110.006
8819111.016
8841245.003
8841246.013
8844563.001
8844564.011
8844564.021
8844584.031
8849488.003
8849489.013
8849573.102
8851076.001
8851077.011
8851101.001
8851102.011
8851140.001
8851141.011
8856173.002
8856174.012
8863656.101
8867404.002
8867405.012
8867754.003
8867755.013
8867755.023
8867775.033
8867796.006
8867797.016
8867800.006
8867801.016
8870955.003
8870956.013
8870961.003
8870962.013
8878458.003
8878459.013
8882476.001
8882477.011
8882477.021
8882497.031
8886121.102
8887162.001
8887163.011
8888091.001
8888092.011
8895462.002
8895463.012
8895530.002
8895531.012
8895682.002
8895683.012
8901126.101
8902109.001
8902110.011
8902110.021
8902130.031
8908410.003
8908411.013
8908411.023
8908416.006
8908417.016
8908431.033
8908462.006
8908463.016
8909623.003
8909624.013
8910706.101
8912067.002
8912068.012
8912496.001
8912497.011
8912497.021
8912517.031
8920124.101
8924846.003
8924847.013
8925133.001
8925134.011
8925134.021
8925154.031
8942280.002
8942281.012
8942961.003
8942962.013
8947568.001
8947569.011
8947654.001
8947655.011
8950380.001
8950381.011
8950425.001
8950426.011
8952229.002
8952230.012
8954233.101
8956616.102
8957088.001
8957089.011
8957089.021
8957109.031
8966322.001
8966323.011
8966359.001
8966360.011
8975688.003
8975689.013
8975689.023
8975709.033
8975739.006
8975740.016
8975748.006
8975749.016
8977164.003
8977165.013
8981456.003
8981457.013
8982284.101
8982805.002
8982806.012
8982824.002
8982825.012
8989640.102
8990777.001
8990778.011
8990778.021
8990798.031
8999246.003
8999247.013
8999247.023
8999253.006
8999254.016
8999267.033
8999293.006
8999294.016
8999297.006
8999298.016
9004698.101
9010675.003
9010676.013
9011092.001
9011093.011
9011093.021
9011113.031
9012203.101
9018790.102
9023275.001
9023276.011
9023276.021
9023296.031
9030818.001
9030819.011
9030848.001
9030849.011
9030881.001
9030882.011
9033868.002
9033869.012
9034843.001
9034844.011
9034873.001
9034874.011
9035515.003
9035516.013
9035516.023
9035536.033
9035564.006
9035565.016
9035569.006
9035570.016
9035610.006
9035611.016
9037287.101
9037446.102
9054581.003
9054582.013
9054582.023
9054602.033
9054618.003
9054619.013
9054624.006
9054625.016
9055901.003
9055902.013
9055924.003
9055925.013
9056450.002
9056451.012
9056861.001
9056862.011
9056862.021
9056873.001
9056874.011
9056882.031
9064200.001
9064201.011
9064249.001
9064250.011
9066370.101
9076199.102
9079909.001
9079910.011
9079910.021
9079930.031
9086040.101
9088215.003
9088216.013
9088216.023
9088236.033
9088279.006
9088280.016
9098318.001
9098319.011
9098319.021
9098339.031
9099696.102
9104341.002
9104342.012
9104927.003
9104928.013
9104928.023
9104948.033
9104964.006
9104965.016
9104968.006
9104969.016
9104981.003
9104982.013
9105027.006
9105028.016
9105832.101
9112905.001
9112906.011
9112906.021
9112926.031
9112948.001
9112949.011
9113093.001
9113094.011
9113445.101
9113616.102
9123573.001
9123574.011
9123574.021
9123594.031
9130187.003
9130188.013
9130188.023
9130208.033
9130236.006
9130237.016
9139880.102
9151139.101
9163469.001
9163470.011
9163470.021
9163490.031
9163575.001
9163576.011
9163678.001
9163679.011
9164919.003
9164920.013
9164920.023
9164940.033
9164977.006
9164978.016
9164986.006
9164987.016
9170721.102
9172485.001
9172486.011
9175642.001
9175643.011
9185812.001
9185813.011
9187979.003
9187980.013
9187980.023
9188000.033
9188025.006
9188026.016
9188035.006
9188036.016
9188039.006
9188040.016
9188091.006
9188092.016
9196409.102
9197719.001
9197720.011
9197761.001
9197762.011
9200583.101
9218511.003
9218512.013
9218512.023
9218532.033
9218559.006
9218560.016
9218561.006
9218562.016
9221523.102
9225350.001
9225351.011
9225351.021
9225371.031
9239307.001
9239308.011
9239345.001
9239346.011
9246340.001
9246341.011
9246360.001
9246361.011
9246384.001
9246385.011
9246388.001
9246389.011
9248526.003
9248527.013
9248527.023
9248547.033
9248584.006
9248585.016
9248604.006
9248605.016
9250509.102
9251364.002
9251365.012
9251632.001
9251633.011
9251657.101
9267908.001
9267909.011
9267909.021
9267929.031
9277901.101
9282719.003
9282720.013
9282720.023
9282740.033
9282762.006
9282763.016
9282769.006
9282770.016
9282874.006
9282875.016
9289366.102
9296289.001
9296290.011
9296290.021
9296310.031
9296311.001
9296312.011
9302653.001
9302654.011
9305863.001
9305864.011
9305932.001
9305933.011
9305996.001
9305997.011
9308129.101
9310567.003
9310568.013
9310568.023
9310588.033
9310605.003
9310606.013
9310624.006
9310625.016
9310627.006
9310628.016
9310663.006
9310664.016
9310844.102
9315309.003
9315310.013
9315310.023
9315330.033
9315348.003
9315349.013
9315360.006
9315361.016
9315363.006
9315364.016
9315453.006
9315454.016
9315461.006
9315462.016
9325548.102
9325634.051
3
24
17
3
25
17
M001
k
1
1
12
35
45
0
00
00
250
7
46
0
0
0
0
0
0
9325635.111
9325635.112
9656003.001
9656004.011
9656047.001
9656048.011
9656565.003
9656566.013
9656609.003
9656610.013
9658741.001
9658742.011
9658854.002
9658855.012
9658987.003
9658988.013
9815045.001
9815046.011
9815131.001
9815132.011
9815414.003
9815415.013
9815478.006
9815479.016
9817544.003
9817545.013
9817748.001
9817749.011
9818777.001
9818778.011
9819166.003
9819167.013
9819180.006
9819181.016
9819950.001
9819951.011
9820405.002
9820406.012
9820431.002
9820432.012
9820433.002
9820434.012
9820555.003
9820556.013
9820563.006
9820564.016
3
25
17
3
25
17
M001
k
1
1
16
20
02
0
00
00
250
7
800
0
0
0
0
0
0
5884.001
5885.011
16947.001
16948.011
21832.002
21833.012
21999.003
22000.013
22007.006
22008.016
22333.001
22334.011
27336.002
27337.012
27628.002
27629.012
33005.003
33006.013
35003.002
35004.012
35139.003
35140.013
35149.006
35150.016
39217.001
39218.011
43152.001
43153.011
56986.003
56987.013
66884.001
66885.011
70873.002
70874.012
71025.003
71026.013
71032.006
71033.016
71077.006
71079.016
82686.003
82687.013
83190.001
83191.011
100567.001
100568.011
100736.003
100737.013
101454.003
101455.013
101473.006
101474.016
101490.006
101491.016
101555.006
101556.016
101628.006
101629.016
101652.006
101653.016
101659.006
101660.016
101680.006
101681.016
101693.006
101694.016
101701.006
101702.016
101722.006
101723.016
101749.006
101750.016
101965.002
101966.012
102131.001
102132.011
102728.002
102729.012
102875.002
102876.012
102957.003
102958.013
102978.006
102979.016
103163.003
103164.013
103169.006
103170.016
103179.006
103180.016
103186.006
103187.016
103287.003
103288.013
103306.006
103307.016
103342.003
103343.013
108356.003
108357.013
108363.006
108364.016
112054.001
112055.011
128053.003
128054.013
136879.001
136880.011
155204.003
155205.013
155606.002
155607.012
155808.001
155809.011
156065.003
156066.013
157297.003
157298.013
159366.001
159367.011
186742.001
186743.011
193157.003
193158.013
216494.001
216495.011
219500.003
219501.013
219511.006
219512.016
219574.003
219575.013
219580.006
219581.016
219818.001
219819.011
220155.001
220156.011
220926.003
220927.013
221103.002
221104.012
222118.001
222119.011
222133.001
222134.011
222346.002
222347.012
231981.001
231982.011
243060.001
243061.011
243233.003
243234.013
244776.003
244777.013
244917.001
244918.011
261073.001
261074.011
261274.003
261275.013
267874.001
267875.011
278172.003
278173.013
281266.001
281267.011
281369.002
281370.012
283869.003
283870.013
284553.003
284554.013
284850.001
284851.011
285098.002
285099.012
285189.003
285190.013
285232.003
285233.013
285258.003
285259.013
285274.003
285275.013
285408.003
285409.013
285434.003
285435.013
285445.003
285446.013
285464.003
285465.013
285496.006
285497.016
285668.003
285669.013
285673.003
285674.013
285725.006
285726.016
285819.003
285820.013
285838.003
285839.013
285842.003
285843.013
285849.003
285850.013
285871.003
285872.013
285878.003
285879.013
285886.003
285887.013
285890.003
285891.013
285931.006
285932.016
286022.003
286023.013
286118.006
286119.016
286144.006
286145.016
286172.006
286173.016
286196.006
286197.016
286236.003
286237.013
286480.002
286481.012
286528.002
286529.012
286531.002
286532.012
286554.002
286555.012
286556.002
286557.012
286568.002
286569.012
286577.002
286578.012
286582.002
286583.012
286585.002
286586.012
286596.002
286597.012
286604.002
286605.012
286610.002
286611.012
286623.002
286624.012
286632.002
286633.012
286646.002
286647.012
286799.003
286800.013
286821.003
286822.013
286827.003
286828.013
286868.003
286870.013
286903.003
286904.013
304804.001
304805.011
305017.003
305018.013
307359.002
307360.012
308389.003
308390.013
308398.006
308399.016
309121.003
309122.013
309244.001
309245.011
322958.003
322959.013
322967.006
322968.016
336164.001
336165.011
338386.003
338387.013
341286.001
341287.011
344818.001
344819.011
348517.001
348518.011
357780.001
357781.011
357912.003
357913.013
357920.006
357921.016
358703.001
358704.011
361708.003
361709.013
366640.001
366641.011
373264.001
373265.011
377365.003
377366.013
377374.006
377375.016
377429.006
377430.016
377435.006
377436.016
377469.006
377470.016
377783.001
377784.011
378764.003
378765.013
378775.006
378776.016
378967.003
378968.013
378981.006
378982.016
379046.003
379047.013
379359.001
379360.011
379791.002
379792.012
380010.003
380011.013
380017.006
380018.016
380037.006
380038.016
380045.006
380046.016
380088.006
380089.016
380108.006
380109.016
380148.003
380149.013
380307.002
380308.012
380441.001
380442.011
380610.001
380611.011
387938.003
387939.013
388088.001
388089.011
389236.002
389237.012
389343.003
389344.013
389643.002
389644.012
389752.001
389753.011
397635.001
397636.011
400301.003
400302.013
400452.001
400453.011
404541.001
404542.011
414217.001
414218.011
414888.001
414889.011
415242.003
415243.013
419367.003
419368.013
419374.006
419375.016
428259.001
428260.011
436026.001
436027.011
436203.003
436204.013
436210.006
436211.016
442487.001
442488.011
451545.001
451546.011
455181.001
455182.011
455965.002
455966.012
456209.001
456210.011
459281.001
459282.011
472541.001
472542.011
472812.003
472813.013
473379.003
473380.013
473649.001
473650.011
475318.003
475319.013
475467.001
475468.011
485951.002
485952.012
486716.003
486717.013
486724.006
486725.016
486924.001
486925.011
486965.001
486966.011
488058.003
488059.013
488078.006
488079.016
488127.003
488128.013
497570.001
497571.011
497948.003
497949.013
502915.001
502916.011
509557.001
509558.011
509716.003
509717.013
510782.003
510783.013
510796.006
510797.016
510929.001
510930.011
514394.001
514395.011
519482.003
519483.013
519508.006
519509.016
521793.001
521794.011
522983.003
522984.013
523143.001
523144.011
523393.001
523394.011
528587.001
528588.011
528854.001
528855.011
529021.003
529022.013
529030.006
529031.016
532482.003
532483.013
532492.006
532493.016
532497.006
532498.016
534037.003
534038.013
534045.006
534046.016
534063.006
534064.016
535692.003
535693.013
536229.001
536230.011
536512.003
536513.013
536519.006
536520.016
536737.002
536738.012
537156.001
537157.011
537248.001
537249.011
537508.001
537509.011
537681.003
537682.013
537689.006
537690.016
537972.002
537973.012
538058.002
538059.012
538076.002
538077.012
538086.002
538087.012
538091.002
538092.012
538105.002
538106.012
538109.002
538111.012
538288.001
538289.011
538425.003
538426.013
538430.006
538431.016
538448.006
538449.016
538534.006
538535.016
538556.006
538557.016
538594.003
538595.013
538730.003
538731.013
538740.006
538741.016
538807.006
538808.016
538831.006
538832.016
538864.003
538865.013
538972.003
538973.013
538999.003
539000.013
539012.003
539013.013
539020.003
539021.013
539080.006
539081.016
539175.003
539176.013
539183.003
539184.013
539188.003
539189.013
539193.003
539195.013
539377.001
539378.011
539653.002
539654.012
539799.002
539800.012
540014.002
540015.012
540159.002
540160.012
540239.002
540240.012
540433.002
540434.012
540951.002
540952.012
540956.002
540957.012
540964.002
540966.012
541733.002
541734.012
541848.002
541849.012
541851.002
541852.012
541854.002
541855.012
542152.002
542153.012
542279.003
542280.013
542284.006
542285.016
542433.002
542434.012
542695.002
542696.012
542830.002
542831.012
543314.002
543315.012
543790.003
543791.013
543799.006
543800.016
543823.006
543824.016
543840.006
543841.016
543926.003
543927.013
543967.006
543968.016
544027.006
544028.016
544082.006
544083.016
544089.006
544090.016
544132.006
544133.016
544136.006
544137.016
544207.006
544208.016
544223.006
544224.016
544242.006
544243.016
544291.006
544292.016
544325.006
544326.016
544355.006
544356.016
544367.006
544368.016
544527.003
544528.013
544538.006
544539.016
544546.006
544547.016
544555.006
544556.016
544573.006
544574.016
544653.006
544654.016
544722.006
544723.016
545091.003
545092.013
545111.006
545112.016
545193.006
545194.016
545296.006
545297.016
545315.006
545316.016
545365.006
545366.016
545385.006
545386.016
545439.006
545440.016
545457.006
545458.016
545475.006
545477.016
545569.003
545570.013
545595.003
545596.013
545664.003
545665.013
545749.003
545750.013
546911.003
546912.013
546918.006
546919.016
546928.006
546929.016
547024.003
547025.013
550263.003
550264.013
550283.006
550284.016
550551.001
550552.011
550682.001
550683.011
550686.001
550687.011
553016.001
553017.011
553148.002
553149.012
555325.003
555326.013
559199.001
559200.011
559368.003
559369.013
563314.001
563315.011
563504.003
563505.013
563509.006
563510.016
575141.001
575142.011
575315.003
575316.013
576982.003
576983.013
579232.001
579233.011
581676.002
581677.012
589029.001
589030.011
589323.003
589324.013
589331.006
589332.016
596107.001
596108.011
596219.001
596220.011
596375.003
596376.013
596841.003
596842.013
596845.006
596846.016
596847.006
596848.016
596859.006
596860.016
596865.006
596866.016
596909.003
596910.013
596922.006
596923.016
597159.002
597160.012
597288.001
597289.011
597468.001
597469.011
598566.001
598567.011
599184.003
599185.013
599195.006
599196.016
599579.001
599580.011
604890.001
604891.011
606777.003
606778.013
606965.001
606966.011
611169.001
611170.011
613318.003
613319.013
613789.001
613790.011
618271.001
618272.011
618450.003
618451.013
627098.001
627099.011
627232.001
627233.011
631165.001
631166.011
631846.003
631847.013
636758.001
636759.011
637218.003
637219.013
637223.006
637224.016
655508.003
655509.013
3
25
17
3
25
17
M001
k
1
1
16
20
02
0
00
00
250
7
801
0
0
0
0
0
0
655520.006
655521.016
655748.001
655749.011
655886.001
655887.011
655910.001
655911.011
656140.001
656141.011
657715.001
657716.011
657934.003
657935.013
660156.001
660157.011
660344.002
660345.012
660589.001
660590.011
665060.001
665061.011
665242.003
665243.013
665249.006
665250.016
670306.001
670307.011
670449.003
670450.013
670453.006
670454.016
670769.003
670770.013
670893.003
670894.013
670946.003
670947.013
671157.002
671158.012
671378.003
671379.013
671385.006
671386.016
671588.001
671589.011
671726.001
671727.011
675201.001
675202.011
677256.001
677257.011
677426.003
677427.013
680997.001
680998.011
682733.002
682734.012
682791.001
682792.011
684351.001
684352.011
692003.001
692004.011
692187.003
692188.013
692197.006
692198.016
692209.006
692210.016
692777.003
692778.013
692988.003
692989.013
693012.006
693013.016
693118.003
693119.013
693262.001
693263.011
697349.001
697350.011
698257.003
698258.013
698316.003
698317.013
698524.006
698525.016
698565.006
698566.016
698577.006
698578.016
698633.006
698634.016
698679.006
698680.016
698763.003
698764.013
698770.006
698771.016
698803.006
698804.016
698812.006
698813.016
699114.003
699115.013
699126.006
699127.016
699136.006
699137.016
699144.006
699145.016
699223.006
699224.016
699234.006
699235.016
699330.006
699331.016
699335.006
699336.016
699387.006
699388.016
699473.006
699474.016
699507.006
699508.016
699637.006
699638.016
699652.006
699653.016
699705.006
699706.016
699931.006
699932.016
699935.006
699936.016
700005.003
700006.013
700059.006
700060.016
700083.006
700084.016
700110.006
700111.016
700357.003
700358.013
700368.006
700369.016
700375.006
700376.016
700386.006
700387.016
700460.006
700461.016
700485.006
700486.016
700493.006
700494.016
700648.003
700649.013
700677.006
700678.016
700755.006
700756.016
700773.006
700774.016
700797.006
700798.016
700818.006
700819.016
700976.006
700977.016
701007.006
701008.016
701034.006
701035.016
701056.006
701057.016
701090.003
701091.013
701299.003
701300.013
701307.006
701308.016
701369.006
701370.016
701382.006
701383.016
701390.006
701391.016
701410.006
701411.016
701430.006
701431.016
701470.003
701471.013
701473.003
701474.013
701522.006
701523.016
701545.006
701546.016
701559.006
701560.016
701565.006
701566.016
701682.003
701683.013
701702.003
701703.013
701708.003
701709.013
701719.003
701720.013
701761.006
701762.016
701783.006
701784.016
701804.006
701805.016
701836.006
701837.016
701858.006
701859.016
701881.006
701882.016
702163.001
702164.011
702312.001
702313.011
702495.003
702496.013
706284.001
706285.011
706751.001
706752.011
707326.001
707327.011
707331.001
707332.011
707583.001
707584.011
707750.001
707751.011
708107.001
708108.011
708893.001
708894.011
709481.001
709482.011
711232.001
711233.011
711489.001
711490.011
712677.003
712678.013
712705.006
712706.016
712713.006
712714.016
712740.006
712741.016
712768.006
712769.016
712784.006
712785.016
713199.003
713200.013
713206.006
713207.016
713224.006
713225.016
713245.006
713246.016
713253.006
713254.016
716180.003
716181.013
716507.001
716508.011
718089.002
718090.012
722829.001
722830.011
723658.003
723659.013
724467.003
724468.013
724473.006
724474.016
725048.003
725049.013
725630.003
725631.013
726355.003
726356.013
726507.001
726508.011
726946.001
726947.011
727492.002
727493.012
728690.003
728691.013
728699.006
728700.016
728706.006
728707.016
728713.006
728714.016
728724.006
728725.016
729097.001
729098.011
729713.002
729714.012
729813.003
729814.013
730246.002
730247.012
730537.001
730538.011
731649.003
731650.013
732009.002
732010.012
732215.001
732216.011
733030.001
733031.011
734094.001
734095.011
734104.001
734105.011
735049.001
735050.011
735377.001
735378.011
735397.001
735398.011
735999.001
736000.011
736329.001
736330.011
737309.001
737310.011
738367.001
738368.011
739021.003
739022.013
739044.006
739045.016
739052.006
739053.016
739104.006
739105.016
739122.006
739123.016
739155.003
739156.013
739174.003
739175.013
742360.001
742361.011
742457.001
742458.011
742820.001
742821.011
743485.003
743486.013
743660.001
743661.011
745053.001
745054.011
745450.003
745451.013
748938.001
748939.011
753097.001
753098.011
753249.003
753250.013
753283.003
753284.013
760856.001
760857.011
760946.001
760947.011
761201.003
761202.013
764693.001
764694.011
766380.001
766381.011
772691.001
772692.011
772874.003
772875.013
774320.001
774321.011
776085.003
776086.013
776220.001
776221.011
779689.042
779689.1
80
1
360
1
0.006944
779689.11
781499.102
783467.001
783468.011
783902.003
783903.013
783903.023
783923.033
783929.006
783930.016
783947.006
783948.016
784956.101
785432.102
786648.003
786649.013
786649.023
786667.006
786668.016
786669.033
786695.006
786696.016
788392.003
788393.013
788758.003
788759.013
789898.003
789899.013
789906.006
789907.016
789930.006
789931.016
789939.006
789940.016
789959.006
789960.016
790001.006
790002.016
790049.003
790050.013
790454.001
790455.011
790455.021
790475.031
791664.001
791665.011
792791.001
792792.011
792947.003
792948.013
793548.003
793549.013
794796.002
794797.012
794880.001
794881.011
795033.003
795034.013
795040.006
795041.016
795044.006
795045.016
795953.001
795954.011
796872.003
796873.013
798503.001
798504.011
798603.001
798604.011
798752.003
798753.013
800359.001
800360.011
800486.003
800487.013
800493.006
800494.016
801707.001
801708.011
801844.003
801845.013
802969.001
802970.011
803165.003
803166.013
803175.006
803176.016
803263.003
803264.013
803272.006
803273.016
803295.003
803296.013
803332.003
803333.013
803383.003
803384.013
803398.003
803399.013
803502.002
803503.012
803528.101
803597.001
803598.011
803598.021
803618.031
803736.101
805249.001
805250.011
805250.021
805270.031
806888.001
806889.011
806992.101
807771.003
807772.013
807780.006
807781.016
807830.003
807831.013
807865.003
807866.013
808098.003
808099.013
808609.001
808610.011
808610.021
808630.031
809779.001
809780.011
811163.001
811164.011
811349.002
811350.012
811439.003
811440.013
811448.006
811449.016
811496.003
811497.013
811525.003
811526.013
811540.006
811541.016
811562.003
811563.013
811597.003
811598.013
811626.003
811627.013
811671.003
811672.013
811774.001
811775.011
811852.001
811853.011
812816.001
812817.011
813000.003
813001.013
813031.006
813032.016
814787.001
814788.011
814965.003
814966.013
814970.006
814971.016
814994.006
814995.016
815047.003
815048.013
815212.001
815213.011
815916.002
815917.012
816017.003
816018.013
816180.001
816181.011
817513.001
817514.011
819770.101
820347.001
820348.011
820348.021
820368.031
820482.102
821803.001
821804.011
822194.002
822195.012
822307.003
822308.013
822308.023
822328.033
822353.006
822354.016
822358.006
822359.016
825335.003
825336.013
825346.006
825347.016
825350.006
825351.016
826092.001
826093.011
826453.003
826454.013
826460.006
826461.016
826619.003
826620.013
826665.003
826666.013
826768.001
826769.011
826789.001
826790.011
827012.001
827013.011
827538.101
834152.001
834153.011
834153.021
834173.031
835688.001
835689.011
835995.003
835996.013
836007.006
836008.016
836071.003
836072.013
836102.003
836103.013
836145.003
836146.013
836177.003
836178.013
836234.003
836235.013
836369.001
836370.011
836467.001
836468.011
836494.001
836495.011
836639.003
836640.013
837137.101
838114.001
838115.011
838115.021
838135.031
838705.101
839633.001
839634.011
839634.021
839654.031
841240.001
841241.011
841575.003
841576.013
841616.006
841617.016
841670.003
841671.013
841712.003
841713.013
841737.003
841738.013
841956.001
841957.011
842868.001
842869.011
845565.001
845566.011
849841.001
849842.011
850057.003
850058.013
850065.006
850066.016
852317.001
852318.011
854394.001
854395.011
854590.003
854591.013
854598.006
854599.016
854599.101
854601.006
854602.016
854650.003
854651.013
854669.003
854670.013
854699.003
854700.013
854730.003
854731.013
854898.001
854899.011
854899.021
854919.031
858346.001
858347.011
858721.003
858722.013
858732.006
858733.016
858770.003
858771.013
858803.003
858804.013
858832.003
858833.013
858874.003
858875.013
858913.003
858914.013
858949.101
859087.001
859088.011
859088.021
859108.031
860544.101
864916.001
864917.011
864917.021
864937.031
866217.001
866218.011
871909.001
871910.011
872242.003
872243.013
872309.003
872310.013
872321.006
872322.016
872343.003
872344.013
872456.001
872457.011
872923.101
881559.102
920063.001
920064.011
920064.021
920084.031
920636.001
920637.011
920861.002
920862.012
921229.003
921230.013
921230.023
921250.033
921275.006
921276.016
921289.006
921290.016
923050.101
924497.003
924498.013
924510.006
924511.016
924962.001
924963.011
924963.021
924983.031
925539.101
926482.001
926483.011
926483.021
926503.031
928022.001
928023.011
928421.101
928963.003
928964.013
929023.003
929024.013
930786.001
930787.011
