3
24
17
3
25
17
M014
k
1
6
12
42
50
0
00
00
250
7
800
0
0
0
0
0
0
3522920.049
3522920.111
3522920.112
3522920.027
3530904.001
3530920.011
3531133.003
3531146.013
3542525.001
3542560.011
3542737.003
3542749.013
3579625.001
3579654.011
3587747.002
3587774.012
3587881.003
3587905.013
3588543.002
3588559.012
3588599.002
3588607.012
3589099.003
3589246.013
3589449.003
3589523.013
3592564.002
3592583.012
3592590.002
3592656.012
3592665.002
3592673.012
3592710.002
3592747.012
3592754.002
3592784.012
3592791.002
3592882.012
3592883.002
3592905.012
3592907.002
3593008.012
3593077.003
3593088.013
3593140.002
3593180.012
3593262.002
3593490.012
3593493.002
3593506.012
3593508.002
3593510.012
3593522.002
3593524.012
3593525.002
3593543.012
3593544.002
3593613.012
3593705.003
3593775.013
3593778.003
3593790.013
3593987.001
3594029.011
3594112.002
3594131.012
3594436.003
3594491.013
3604401.001
3604420.011
3625246.001
3625280.011
3625698.003
3625720.013
3625801.003
3625826.013
3634952.003
3634968.013
3638362.001
3638389.011
3653311.001
3653367.011
3658691.001
3658735.011
3658882.003
3658895.013
3668797.001
3668815.011
3675244.001
3675280.011
3687711.001
3687731.011
3690271.001
3690304.011
3690430.002
3690460.012
3690561.003
3690598.013
3693485.001
3693507.011
3693526.001
3693531.011
3693675.002
3693677.012
3693689.002
3693693.012
3695839.003
3695851.013
3696193.003
3696299.013
3696726.003
3696750.013
3696760.003
3696761.013
3696766.003
3696817.013
3696818.003
3696823.013
3697641.003
3697677.013
3697683.003
3697688.013
3697689.003
3697697.013
3697700.003
3697703.013
3697705.003
3697710.013
3702517.003
3702534.013
3721315.001
3721362.011
3721518.003
3721545.013
3732317.001
3732344.011
3750524.003
3750548.013
3753921.001
3753952.011
3772564.001
3772617.011
3772806.003
3772843.013
3783728.001
3783744.011
3798498.001
3798545.011
3798646.003
3798681.013
3809612.003
3809651.013
3819836.001
3819855.011
3834667.001
3834691.011
3867826.001
3867864.011
3867989.003
3868023.013
4062964.049
4062964.027
4672394.001
4672422.011
4672608.003
4672720.013
4674112.001
4674162.011
4691274.001
4691299.011
4691737.003
4691767.013
4726280.001
4726301.011
4726431.003
4726449.013
4727156.001
4727176.011
4727282.002
4727289.012
4727302.002
4727373.012
4733670.001
4733694.011
4733816.003
4733833.013
4740206.001
4740227.011
4740260.001
4740290.011
4740295.001
4740299.011
4744004.001
4744024.011
4745645.001
4745666.011
4766945.001
4767006.011
4767359.003
4767380.013
4799570.001
4799585.011
4799766.003
4799776.013
5743026.001
5743041.011
5743207.003
5743240.013
5743499.003
5743507.013
6651502.001
6651522.011
6651805.003
6652051.013
7562315.001
7562348.011
7562557.003
7562617.013
7566473.001
7566486.011
7572082.002
7572110.012
7603452.003
7603476.013
7613090.001
7613113.011
7617749.003
7617759.013
7654707.001
7654733.011
7664440.003
7664441.013
7698896.003
7698913.013
7700800.001
7700822.011
7707867.003
7707885.013
7707933.002
7707947.012
7708020.001
7708034.011
7710616.001
7710647.011
7723299.001
7723313.011
7766405.001
7766429.011
7766551.003
7766555.013
7774496.003
7774510.013
7783866.001
7783884.011
7799492.001
7799540.011
7809409.003
7809428.013
7829635.002
7829678.012
7830350.003
7830354.013
7830419.003
7830464.013
7843036.041
7843038.059
7843038.037
7843351.001
7843370.011
7843726.003
7843749.013
7844787.003
7844855.013
7845903.001
7845930.011
7846123.003
7846151.013
7847195.003
7847217.013
7847223.003
7847248.013
7849252.003
7849279.013
7850222.001
7850255.011
7851589.001
7851631.011
7851753.003
7851808.013
7853215.003
7853236.101
7853272.013
7854277.003
7854306.013
7854479.003
7854531.013
7854884.003
7854947.013
7855025.001
7855026.021
7855046.031
7855086.004
7855110.014
7855133.011
7859014.102
7859466.001
7859540.011
7859636.001
7859722.011
7859948.003
7859949.023
7859969.033
7860033.006
7860058.016
7860074.013
7863136.102
7863890.003
7863891.023
7863911.033
7863940.006
7863951.016
7863967.013
7868140.101
7868787.003
7868890.013
7869028.003
7869206.013
7869386.001
7869387.021
7869407.031
7869615.004
7869625.014
7869640.011
7873020.001
7873086.011
7873292.001
7873327.011
7873331.001
7873448.011
7873689.003
7874008.013
7874325.003
7874364.013
7874366.003
7874374.013
7874375.003
7874477.013
7874590.001
7874659.011
7874661.001
7874678.011
7874686.001
7874750.011
7874773.001
7874817.011
7874970.002
7874973.012
7875049.003
7875182.013
7875362.001
7875466.011
7875602.001
7875676.011
7875922.003
7875968.013
7876222.003
7876258.013
7876533.003
7876593.013
7876673.001
7876714.011
7876740.001
7876751.011
7876780.001
7876822.011
7876897.002
7876911.012
7876997.003
7877020.013
7878101.001
7878163.011
7878266.003
7878330.013
7878522.003
7878541.013
7879370.101
7879473.001
7879474.021
7879494.031
7879558.011
7882538.102
7883613.001
7883710.011
7884072.003
7884073.023
7884093.033
7884116.006
7884117.016
7884127.006
7884155.016
7884168.013
7887468.003
7887602.013
7887794.001
7887876.011
7887923.001
7887935.011
7888326.003
7888389.013
7888523.003
7888537.013
7888675.001
7888715.011
7888722.001
7888727.011
7888956.003
7889006.013
7889365.003
7889402.013
7889490.001
7889518.011
7890568.003
7890613.013
7891771.003
7891849.013
7891852.003
7891867.013
7891868.003
7891870.013
7891873.003
7891922.013
7892002.001
7892056.011
7892061.001
7892075.011
7892081.001
7892098.011
7892102.001
7892107.011
7892112.001
7892114.011
7892125.001
7892156.011
7892161.001
7892231.004
7892233.014
7892256.011
7892426.003
7892460.013
7893584.003
7893628.013
7893744.001
7893771.011
7895088.003
7895113.013
7896476.003
7896528.013
7896558.003
7896581.013
7897786.003
7897836.013
7897878.002
7897885.012
7897938.001
7897994.011
7898123.003
7898151.013
7899192.003
7899229.013
7899327.001
7899346.011
7900148.003
7900174.013
7900267.001
7900283.011
7901098.003
7901152.013
7902004.003
7902037.013
7903776.003
7903848.013
7903891.002
7903896.012
7903946.001
7903973.011
7905062.003
7905091.013
7905097.003
7905132.013
7905523.001
7905542.011
7905893.101
7908619.003
7908666.013
7908779.001
7908780.021
7908800.031
7908833.004
7908860.014
7908861.004
7908863.014
7908870.004
7908871.014
7908879.004
7908881.014
7908894.011
7911215.101
7912386.001
7912387.021
7912407.031
7912650.011
7916061.001
7916135.011
7916569.001
7916600.011
7916639.001
7916660.011
7917843.003
7917897.013
7918195.001
7918229.011
7918253.001
7918270.011
7919440.003
7919483.013
7919570.001
7919589.011
7920405.001
7920436.011
7920516.003
7920555.013
7921387.102
7921520.001
7921538.011
7921642.003
7921643.023
7921663.033
7921691.006
7921712.016
7921729.013
7921730.003
7921731.013
7925345.003
7925413.013
7925444.003
7925490.013
7925697.003
7925739.013
7925859.001
7925913.011
7927067.001
7927093.011
7927188.003
7927217.013
7928815.001
7928843.011
7928927.003
7928960.013
7929709.001
7929726.011
7929819.003
7929849.013
7931038.001
7931066.011
7931143.003
7931185.013
7931288.001
7931299.011
7932295.003
7932339.013
7932427.001
7932458.011
7932975.101
7933839.003
7933892.013
7933994.001
7933995.021
7934015.031
7934170.004
7934171.014
7934183.011
7937943.001
7938037.011
7938250.003
7938309.013
7940393.003
7940439.013
7940562.001
7940602.011
7941491.003
7941543.013
7941627.001
7941654.011
7942527.003
7942557.013
7942656.001
7942679.011
7945680.003
7945727.013
7947161.003
7947190.013
7948350.003
7948376.013
7949190.001
7949218.011
7949304.003
7949336.013
7950844.003
7950869.013
7952584.101
7955178.003
7955229.013
7955237.003
7955301.013
7955689.001
7955690.021
7955710.031
7956001.004
7956030.014
7956043.011
7959204.001
7959262.011
7959476.003
7959534.013
7961556.003
7961594.013
7961836.001
7961857.011
7962946.003
7962980.013
7963078.001
7963108.011
7964090.003
7964101.013
7965494.003
7965518.013
7968755.003
7968784.013
7970219.101
7970726.003
7970756.013
7975078.003
7975103.013
7975224.003
7975238.013
7975305.001
7975306.021
7975326.031
7975352.101
7975354.021
7975374.031
7975387.004
7975403.014
7975423.011
7975436.004
7978729.001
7978787.014
7978803.011
7979980.102
7983225.001
7983363.011
7983884.003
7983885.023
7983905.033
7983922.006
7983924.016
7983929.006
7983939.016
7983954.013
7986530.102
7987335.101
7987633.003
7987634.023
7987654.033
7987683.006
7987719.016
7987740.013
7990713.003
7990752.013
7990996.003
7991047.013
7991223.001
7991224.021
7991244.031
7991308.011
7994057.001
7994128.011
7994353.003
7994421.013
7994629.001
7994652.011
8000180.102
8004825.101
8006913.001
8006914.021
8006934.031
8006967.004
8006979.014
8006997.011
8009711.001
8009766.011
8009948.003
8009949.023
8009969.033
8010006.006
8010024.016
8010042.013
8013093.003
8013148.013
8013208.003
8013269.013
8013404.001
8013431.011
8013441.001
8013511.011
8013528.001
8013544.011
8013722.001
8013734.011
8016189.001
8016232.011
8016334.003
8016370.013
8016405.003
8016433.013
8016855.003
8016882.013
8016984.001
8017056.011
8017079.001
8017101.011
8018115.003
8018154.013
8019568.102
8020879.101
8020984.003
8020985.023
8021005.033
8021026.006
8021028.016
8021031.006
8021053.016
8021070.013
8024406.003
8024436.013
8024787.001
8024788.021
8024808.031
8024911.011
8027984.001
8028007.011
8031481.102
8032673.001
8032710.011
8032840.003
8032841.023
8032861.033
8032889.006
8032915.016
8032933.013
8035598.003
8035619.013
8036105.102
8038712.101
8041669.003
8041670.023
8041690.033
8041716.006
8041717.016
8041721.006
8041735.016
8041754.013
8048785.003
8048805.013
8048949.001
8048950.021
8048970.031
8049051.004
8049059.014
8049074.011
8050533.101
8055782.001
8055783.021
8055803.031
8055910.004
8055923.014
8055939.011
8058428.001
8058454.011
8058614.003
8058673.013
8061849.003
8061870.013
8063807.001
8063832.011
8064283.101
8067212.102
8067463.003
8067464.023
8067484.033
3
24
17
3
25
17
M014
k
1
6
12
42
50
0
00
00
250
7
775
0
0
0
0
0
0
8067528.006
8067552.016
8067577.013
8068191.102
8081387.003
8081388.023
8081408.033
8081479.013
8105690.102
8330079.001
8330080.021
8330100.031
8330146.004
8330147.014
8330153.004
8330173.014
8330190.011
8332966.001
8333032.011
8333326.003
8333327.023
8333347.033
8333375.006
8333399.016
8333411.013
8336214.003
8336314.013
8336453.003
8336599.013
8336773.001
8336877.011
8336928.001
8336944.011
8336948.001
8336967.011
8336970.001
8336982.011
8336983.001
8336992.011
8337021.001
8337030.011
8337264.003
8337292.013
8337373.003
8337489.013
8337757.003
8337798.013
8337943.001
8338038.011
8338040.001
8338061.011
8338068.001
8338107.011
8338135.001
8338158.011
8338586.003
8338782.013
8339176.003
8339195.013
8340403.004
8342736.001
8343094.011
8343433.003
8343606.013
8343850.003
8343896.013
8344188.001
8344232.011
8344262.001
8344338.011
8344351.001
8344355.011
8344483.002
8344493.012
8344609.003
8344651.013
8345266.002
8345280.012
8345581.003
8345608.013
8346184.003
8346233.013
8347194.003
8347227.013
8347451.003
8347462.013
8347715.001
8347760.011
8347847.002
8347892.012
8348078.003
8348183.013
8350560.003
8350614.013
8351100.002
8351110.012
8351712.003
8351729.013
8352079.003
8352119.013
8369350.101
8375605.102
8502405.001
8502406.021
8502426.031
8502572.011
8504917.001
8505207.011
8505456.001
8505487.011
8505702.003
8505703.023
8505723.033
8505761.006
8505783.016
8505804.013
8506002.102
8508789.101
8509512.003
8509513.023
8509533.033
8509560.006
8509584.016
8509604.013
8510123.102
8512869.003
8512870.023
8512890.033
8512914.006
8512929.016
8512945.013
8516333.003
8516451.013
8516541.003
8516714.013
8516717.003
8516727.013
8516733.003
8516740.013
8516959.001
8516960.021
8516980.031
8517155.011
8517715.101
8521117.001
8521118.021
8521138.031
8521207.011
8523082.101
8524196.001
8524197.021
8524217.031
8524383.011
8525782.101
8527623.001
8527624.021
8527644.031
8527727.011
8528884.102
8529751.001
8529901.011
8530106.001
8530237.011
8530268.001
8530394.011
8530466.001
8530513.011
8530824.003
8530825.023
8530845.033
8530868.006
8530869.016
8530873.006
8530904.016
8530920.013
8534123.101
8534663.003
8534756.013
8534952.003
8535032.013
8535034.003
8535037.013
8535041.003
8535042.013
8535238.001
8535239.021
8535259.031
8535334.011
8538494.001
8538598.011
8538675.001
8538721.011
8538905.003
8539046.013
8539187.003
8539237.013
8539307.003
8539352.013
8539530.001
8539654.011
8539939.002
8539953.012
8540053.003
8540166.013
8540315.003
8540364.013
8540543.001
8540602.011
8540846.003
8540876.013
8541061.003
8541084.013
8541397.003
8541410.013
8541584.001
8541643.011
8541947.003
8541976.013
8542547.003
8542610.013
8542783.001
8542853.011
8543758.102
8544568.001
8544597.011
8544705.003
8544706.023
8544726.033
8544793.013
8546114.102
8548057.101
8548148.003
8548149.023
8548169.033
8548200.006
8548221.016
8548237.013
8551875.003
8552052.013
8552391.003
8552451.013
8552460.003
8552493.013
8552658.001
8552659.021
8552679.031
8552761.011
8555972.001
8556067.011
8556134.001
8556176.011
8556433.003
8556595.013
8556939.003
8556991.013
8557224.001
8557279.011
8558280.001
8558351.011
8558639.003
8558695.013
8559781.101
8560926.102
8561055.003
8561056.023
8561076.033
8561110.006
8561142.016
8561167.013
8561487.102
8563679.003
8563680.023
8563700.033
8563726.006
8563741.016
8563753.013
8566553.003
8566682.013
8566893.001
8566894.021
8566914.031
8566984.011
8567498.102
8570638.001
8570713.011
8570995.003
8570996.023
8571016.033
8571042.006
8571043.016
8571046.006
8571061.016
8571077.013
8574716.003
8574832.013
8574835.003
8574865.013
8575029.001
8575118.011
8575392.003
8575456.013
8578561.001
8578587.011
8578684.003
8578721.013
8580236.001
8580250.011
8580382.003
8580409.013
8580831.102
8581507.001
8581511.011
8581597.003
8581598.023
8581618.033
8581644.006
8581646.016
8581647.006
8581666.016
8581683.013
8583586.003
8583641.013
8584050.003
8584105.013
8584246.001
8584320.011
8584330.001
8584342.011
8586688.001
8586719.011
8589625.102
8590281.001
8590305.011
8590390.003
8590391.023
8590411.033
8590466.013
8592488.003
8592544.013
8593037.001
8593087.011
8593250.003
8593267.013
8596118.003
8596173.013
8596598.101
8600518.003
8600548.013
8603272.001
8603273.021
8603293.031
8603378.011
8605584.001
8605606.011
8605731.003
8605797.013
8611211.001
8611230.011
8611315.003
8611335.013
8612229.101
8616012.102
8617332.001
8617333.021
8617339.011
8617340.001
8617353.031
8617511.011
8624032.003
8624033.023
8624053.033
8624077.006
8624096.016
8624119.013
8633577.001
8633598.011
8633721.003
8633747.013
8637745.003
8637759.013
8641196.003
8641228.013
8641590.003
8641608.013
8641702.001
8641711.011
8641924.001
8641945.011
8642956.003
8642984.013
8646790.003
8646816.013
8649999.003
8650027.013
8651762.102
8656900.003
8656901.023
8656921.033
8656944.006
8656983.016
8657002.013
8659899.101
8669069.001
8669070.021
8669090.031
8669195.011
8675494.003
8675513.013
8675614.001
8675643.011
8680623.101
8685341.003
8685360.013
8687831.003
8687847.013
8689044.102
8695109.003
8695110.023
8695130.033
8695152.006
8695166.016
8695183.013
8698179.003
8698217.013
8698306.001
8698307.021
8698327.031
8698416.011
8703150.101
8703753.001
8703754.021
8703774.031
8703857.011
8716027.003
8716047.013
8721047.102
8725007.001
8725028.011
8725139.003
8725140.023
8725160.033
8725186.006
8725218.016
8725226.006
8725239.016
8725255.013
8728987.101
8730313.102
8783968.001
8783969.021
8783989.031
8784170.011
8786353.001
8786530.011
8786838.003
8786839.023
8786859.033
8786883.006
8786906.016
8786919.013
8789601.003
8789653.013
8789702.003
8789727.013
8789900.001
8789982.011
8789989.001
8789996.011
8789997.001
8790040.011
8790059.001
8790070.011
8790089.001
8790094.011
8790474.003
8790499.013
8796327.003
8796366.013
8796447.003
8796465.013
8798093.101
8798253.003
8798257.013
8799627.001
8799628.021
8799648.031
8799737.011
8801766.102
8802308.001
8802346.011
8802495.003
8802496.023
8802516.033
8802548.006
8802582.016
8802601.013
8802669.101
8811595.001
8811596.021
8811616.031
8811947.011
8812749.001
8812784.011
8812999.003
8813026.013
8815471.102
8817704.001
8817717.011
8821872.003
8821873.023
8821893.033
8821920.006
8821937.016
8821961.013
8823840.001
8823919.011
8830032.003
8830053.013
8832015.001
8832035.011
8835169.101
8841206.001
8841207.021
8841227.031
8841367.011
8846775.003
8846793.013
8846873.001
8846886.011
8854128.102
8855737.003
8855738.023
8855758.033
8855782.006
8855783.016
8855784.006
8855809.016
8855829.013
8866377.001
8866391.011
8866499.003
8866520.013
8866906.003
8866912.013
8868712.102
8869041.001
8869046.011
8869157.003
8869158.023
8869178.033
8869192.006
8869193.016
8869225.013
8877856.102
8884601.101
8885115.001
8885116.021
8885136.031
8885290.011
8888645.003
8888646.023
8888666.033
8888693.006
8888722.016
8888740.013
8897642.101
8897957.001
8897958.021
8897978.031
8898048.011
8898166.102
8912374.001
8912389.011
8912510.003
8912511.023
8912531.033
8912552.006
8912587.016
8912606.013
8913174.101
8914515.102
8920431.001
8920432.021
8920439.011
8920444.001
8920452.031
8920526.011
8921265.101
8928542.003
8928543.023
8928563.033
8928610.006
8928633.016
8928643.013
8937392.102
8941227.003
8941228.023
8941248.033
8941311.013
8949206.001
8949207.021
8949227.031
8949313.011
8956889.101
8963675.003
8963689.013
8964095.002
8964109.012
8964164.001
8964165.021
8964185.031
8964282.011
8964391.101
8968642.001
8968643.021
8968663.031
8968786.011
8979685.001
8979697.011
8979840.003
8979841.013
8980385.002
8980415.012
8980826.101
8985242.003
8985254.013
8985342.001
8985343.021
8985363.031
8985378.011
8985436.001
8985510.011
8986506.102
9000354.101
9034550.003
9034551.023
9034571.033
9034604.006
9034619.016
9034647.013
9035516.003
9035609.013
9035742.001
9035743.021
9035763.031
9035841.011
9038427.101
9040832.001
9040833.021
9040853.031
9041024.011
9041627.001
9041662.102
9041719.011
9046542.101
9046996.001
9046997.021
9047017.031
9047143.011
9050491.001
9050510.011
9066834.001
9066844.011
9074362.003
9074363.023
9074368.013
9074370.003
9074383.033
9074412.006
9074447.016
9074465.013
9077598.101
9077756.102
9087964.003
9087965.023
9087985.033
9088014.006
9088049.016
9088055.006
9088056.016
9088081.013
9089610.001
9089611.021
9089631.031
9089855.011
9092496.101
9098951.001
9098952.021
9098972.031
9099061.011
9119864.101
9127790.001
9127791.021
9127811.031
9127902.011
9135429.101
9145704.003
9145714.013
9151056.003
9151066.013
9157086.001
9157087.021
9157107.031
9157124.011
9157128.001
9157205.011
9157274.101
9159930.102
9166714.003
9166715.013
9166715.023
9166717.003
9166735.033
9166757.006
9166796.016
9166819.013
9179618.003
9179635.013
9181527.102
9183030.001
9183031.021
9183051.031
9183167.011
9184013.001
9184100.011
9190393.001
9190407.011
9200143.002
9200157.012
9200160.002
9200167.012
9218386.001
9218411.011
9218926.101
9219030.001
9219031.021
9219034.011
9219041.001
9219051.031
9219156.011
9244895.001
9244908.011
9246281.101
9265137.001
9265138.021
9265158.031
9265368.011
9267423.001
9267680.011
9267827.001
9267927.011
9267949.001
9268415.011
9270157.001
9270261.011
9270329.001
9270401.011
9270645.003
9270646.023
9270666.033
9270694.006
9270694.101
9270716.016
9270733.013
9274106.001
9274107.021
9274127.031
9274226.011
9278160.102
9281886.101
9282047.001
9282048.021
9282068.031
9282193.011
9283034.051
3
24
17
3
25
17
M014
k
1
6
12
42
50
0
00
00
250
7
272
0
0
0
0
0
0
9283035.112
9288854.001
9288875.011
9302379.003
9302393.013
9302534.002
9302536.012
9303883.002
9303927.012
9304115.003
9304130.013
9304263.002
9304288.012
9308855.001
9308865.011
9319348.003
9319367.013
9319458.001
9319477.011
9338539.001
9338558.011
9356328.002
9356336.012
9356348.002
9356368.012
9356375.002
9356381.012
9356444.001
9356476.011
9394025.001
9394047.011
9394235.003
9394266.013
9395574.003
9395600.013
9423732.001
9423767.011
9423878.003
9423911.013
9431563.003
9431580.013
9437285.001
9437306.011
9454548.001
9454564.011
9469858.001
9469866.011
9484533.002
9484542.012
9484634.003
9484644.013
9484762.003
9484778.013
9484887.001
9484911.011
9485372.001
9485391.011
9495542.001
9495545.011
9502752.003
9502768.013
9520908.001
9520912.011
9525137.003
9525161.013
9532250.003
9532263.013
9562712.003
9562757.013
9562903.001
9562947.011
9562970.001
9563012.011
9568018.003
9568045.013
9568228.001
9568248.011
9583957.003
9583970.013
9584064.001
9584081.011
9607645.003
9607672.013
9607763.001
9607814.011
9624541.003
9624550.013
9624672.001
9624764.014
9624776.004
9624779.014
9624816.004
9624826.014
9624844.004
9624848.014
9624855.004
9624860.014
9624887.004
9624892.014
9624906.004
9624914.014
9624919.004
9624926.014
9624927.004
9624935.014
9624936.004
9625007.014
9625010.004
9625031.014
9625033.004
9625080.014
9625085.004
9625100.014
9625180.004
9625185.014
9625215.011
9625217.001
9625243.004
9625252.014
9625262.004
9625278.014
9625281.004
9625294.014
9625331.004
9625339.014
9625342.004
9625371.014
9625375.004
9625376.014
9625381.004
9625400.014
9625409.004
9625416.014
9625862.011
9626200.001
9626216.004
9626219.014
9626226.004
9626229.014
9626268.011
9626377.003
9626407.013
9627468.001
9627482.011
9627527.001
9627545.011
9631116.001
9631148.011
9635849.001
9635869.011
9635999.003
9636012.013
9641390.003
9641413.013
9641475.001
9641514.011
9643808.003
9643831.013
9643942.001
9643960.011
9664804.003
9664872.013
9676401.001
9676493.011
9680561.001
9680582.011
9688871.003
9688897.013
9695388.003
9695418.013
9695533.001
9695562.011
9695679.002
9695770.012
9695773.002
9695776.012
9695950.003
9695963.013
9703756.001
9703778.011
9715250.003
9715265.013
9715358.001
9715398.011
9737752.003
9737778.013
9764337.003
9764368.013
9766117.001
9766157.011
9773779.003
9773799.013
9779314.001
9779354.004
9779359.014
9779361.004
9779367.014
9779458.011
9779740.003
9779774.013
9783269.003
9783295.013
9788532.003
9788555.013
9796492.002
9796578.012
9796705.003
9796735.013
9796984.002
9797094.012
9797174.001
9797196.004
9797202.014
9797214.004
9797216.014
9797233.011
9801017.003
9801079.013
9812973.003
9812993.013
9815333.001
9815344.004
9815347.014
9815373.004
9815375.014
9815384.011
9840519.003
9840528.013
9840532.003
9840555.013
9843645.001
9843662.011
9850154.003
9850167.013
9860692.001
9860713.011
9871333.003
9871353.013
9872143.002
9872157.012
9872161.002
9872162.012
9874218.003
9874222.013
9874224.003
9874231.013
9875317.001
9875328.011
9875657.003
9875672.013
9882598.003
9882613.013
9887004.003
9887021.013
9895430.002
9895446.012
9895530.003
9895545.013
9896576.003
9896578.013
9896580.003
9896587.013
9903009.001
9903078.011
9937601.001
9937616.011
9944696.002
9944738.012
9946058.003
9946078.013
9961276.001
9961289.011
3
25
17
3
25
17
M014
k
1
6
16
26
58
0
00
00
250
7
800
0
0
0
0
0
0
17911.001
17935.011
17964.001
17976.011
18070.003
18097.013
45603.003
45611.013
70438.003
70449.013
85616.003
85626.013
85627.003
85629.013
85630.003
85633.013
85683.002
85685.012
85742.001
85766.004
85769.014
85807.011
85858.002
85907.012
86030.002
86134.012
104156.003
104170.013
104402.001
104440.011
169721.003
169742.013
169782.002
169794.012
169849.001
169872.011
186548.001
186593.011
216370.003
216426.013
216547.001
216597.011
224100.003
224103.013
279892.001
279925.011
299259.001
299329.011
299456.003
299493.013
327784.003
327801.013
339640.003
339664.013
352540.003
352561.013
352677.001
352702.004
352706.014
352713.004
352717.014
352748.011
360762.002
360771.012
361941.001
361967.011
362113.003
362135.013
362937.003
362954.013
363857.003
363876.013
367513.003
367527.013
378305.003
378329.013
378566.003
378575.013
378588.003
378608.013
379260.003
379277.013
390696.002
390780.012
390801.002
390805.012
390873.001
390884.004
390886.014
390896.004
390899.014
390933.011
391001.002
391072.012
391083.002
391122.012
391201.003
391294.013
391478.003
391490.013
391504.003
391563.013
391760.001
391803.011
415247.002
415253.012
418901.001
418925.011
420926.003
420961.013
532621.001
532662.011
532690.001
532710.011
532860.003
533002.013
540687.001
540712.011
540837.003
540868.013
738075.042
738075.1
360
1
80
1
0.006944
738075.11
743573.101
743951.102
832771.001
832772.021
832792.031
832840.004
832864.014
832882.011
836118.001
836244.011
836295.001
836310.011
836315.001
836345.011
836553.003
836554.023
836574.033
836599.006
836601.016
836602.006
836629.016
836641.013
839710.003
839819.013
839869.003
839912.013
840151.001
840221.011
840279.001
840295.011
841065.003
841202.013
841291.003
841442.013
841579.001
841619.004
841622.014
841650.011
841659.001
841714.011
841751.001
841767.011
841774.001
841793.011
841796.102
841965.003
841966.023
841986.033
842054.013
843707.102
846204.003
846205.023
846225.033
846258.006
846274.016
846290.013
850159.003
850313.013
850322.003
850335.013
850541.003
850865.013
851083.001
851223.011
851233.001
851239.011
851550.003
851564.102
851566.023
851586.033
851605.006
851645.016
851680.013
855801.003
855938.013
856009.003
856108.013
856290.001
856356.011
856402.001
856408.011
856410.001
856458.011
856840.003
856916.006
856919.016
856949.102
856951.023
856971.033
857001.006
857004.016
857005.006
857026.016
857046.013
860559.101
861074.003
861276.013
861328.003
861355.013
861545.003
861684.013
861837.001
861838.021
861858.031
862019.011
865484.001
865553.011
865898.003
866021.006
866022.016
866055.102
866056.013
866065.003
866066.023
866086.033
866115.006
866142.016
866162.013
869879.003
870101.013
870315.003
870387.013
870388.003
870436.013
870600.001
870692.011
870978.003
871025.006
871028.016
871157.013
871163.003
871177.013
871400.003
871428.006
871432.016
871449.013
871584.001
871637.011
871900.003
872094.013
872530.003
872578.013
872757.001
872838.011
872870.001
872883.011
872890.001
872898.011
872907.001
872938.011
873129.003
873187.013
873768.003
873802.013
875738.001
875763.011
876092.003
876154.013
876928.003
876947.102
876949.023
876969.033
877028.013
880545.003
880648.013
880902.001
880972.011
881187.003
881240.013
881622.001
881629.011
891381.102
905862.101
937299.001
937300.021
937320.031
937361.004
937377.014
937391.011
939589.001
939676.011
939739.001
939775.011
939957.003
939958.023
939978.033
940002.006
940016.016
940028.013
942980.003
943117.013
943147.003
943211.013
943374.102
943477.003
943478.023
943498.033
943525.006
943561.016
943576.013
946743.102
947367.003
947368.023
947388.033
947422.006
947457.016
947471.013
950597.102
950856.003
950857.023
950877.033
950955.013
951067.102
954011.003
954012.023
954032.033
954061.006
954092.016
954108.013
954597.102
957162.003
957163.023
957183.033
957207.006
957209.016
957212.006
957239.016
957261.013
958979.102
960876.003
960877.023
960897.033
960939.006
960947.016
960960.013
961201.101
963971.003
964078.013
964258.001
964259.021
964279.031
964411.011
964941.102
968814.001
968836.011
969043.003
969044.023
969064.033
969102.006
969134.016
969152.013
969158.101
971642.003
971701.013
971971.001
971972.021
971973.011
971988.001
971992.031
972134.011
972746.102
977860.001
977877.011
978096.003
978097.023
978117.033
978150.006
978152.016
978154.006
978186.016
978207.013
995362.101
1007270.102
1010263.001
1010264.021
1010284.031
1010330.004
1010357.014
1010381.011
1012549.001
1012564.011
1012890.003
1012891.023
1012911.033
1012935.006
1012969.016
1012975.006
1012978.016
1012994.013
1014154.101
1015388.003
1015460.013
1015461.003
1015462.013
1015468.003
1015480.013
1015626.001
1015627.021
1015647.031
1015687.004
1015753.014
1015772.011
1017787.102
1035206.101
1194043.001
1194044.021
1194064.031
1194110.004
1194111.014
1194112.004
1194146.014
1194163.011
1195990.001
1196019.011
1196286.003
1196287.023
1196307.033
1196342.006
1196361.016
1196378.013
1199053.003
1199123.013
1199184.003
1199225.013
1199275.102
1199410.001
1199487.011
1199498.001
1199600.011
1199612.001
1199655.011
1199669.001
1199697.011
1200098.003
1200099.023
1200119.033
1200154.006
1200178.016
1200190.013
1201492.102
1202902.003
1202903.023
1202923.033
1202959.006
1202960.016
1202966.006
1202997.016
1203012.013
1206344.003
1206444.013
1206727.003
1206748.013
1210640.102
1213008.101
1355346.001
1355347.021
1355367.031
1355582.004
1355615.014
1355627.011
1358274.003
1358275.023
1358295.033
1358334.006
1358375.016
1358394.013
1358520.101
1358840.102
1363735.003
1363736.023
1363756.033
1363801.013
1367427.102
1370985.003
1370986.023
1371006.033
1371040.006
1371069.016
1371106.013
1371286.003
1371326.006
1371331.016
1371487.013
1379654.003
1379670.013
1380561.102
1387446.003
1387447.023
1387467.033
1387500.006
1387544.016
1387567.013
1389765.102
1402289.001
1402290.021
1402310.031
1402348.004
1402380.014
1402382.004
1402390.014
1402412.011
1409090.101
1409209.003
1409210.023
1409230.033
1409256.006
1409280.016
1409302.013
1412127.102
1423133.001
1423134.021
1423154.031
1423197.004
1423222.014
1423240.011
1426682.002
1426709.012
1426826.003
1426827.023
1426847.033
1426881.006
1426913.016
1426928.013
1430440.102
1432301.001
1432324.011
1447236.003
1447237.023
1447242.013
1447246.003
1447257.033
1447292.006
1447319.016
1447342.013
1449619.102
1461739.003
1461740.023
1461760.033
1461790.006
1461792.016
1461793.006
1461823.016
1461855.013
1463890.102
1471623.003
1471624.023
1471644.033
1471686.006
1471711.016
1471734.013
1472650.102
1483030.001
1483050.011
1483224.003
1483225.023
1483229.013
1483235.003
1483245.033
1483280.006
1483309.016
1483330.013
1484690.102
1495368.001
1495380.011
1498083.003
1498084.023
1498104.033
1498130.006
1498131.016
1498133.006
1498176.016
1498195.013
1500772.101
1509285.003
1509300.013
1513419.102
1519087.003
1519088.023
1519108.033
1519143.006
1519165.016
1519166.006
1519173.016
1519185.013
1521280.102
1525769.001
1525770.021
1525790.031
1525912.004
1525931.014
1525944.011
1537271.001
1537312.011
1545785.003
1545786.023
1545806.033
1545834.006
1545864.016
1545879.013
1546683.101
1553104.003
1553113.013
1554370.102
1562927.001
1562928.021
1562948.031
1562986.004
1563020.014
1563038.011
1571298.101
1576177.001
1576178.021
1576198.031
1576236.004
1576237.014
1576240.004
1576262.014
1576288.011
1585179.101
1587947.003
1587948.023
1587968.033
1587999.006
1588018.016
1588040.013
1598241.001
1598242.021
1598262.031
1598619.004
1598625.014
1598714.004
1598717.014
1598735.004
1598742.014
1598758.011
1600926.002
1600955.012
1601666.003
1601679.013
1602129.003
1602145.013
1602695.102
1609621.101
1613424.003
1613425.023
1613445.033
1613481.006
1613510.016
1613540.013
1617785.003
1617809.013
1624745.003
1624757.013
1624868.001
1624869.021
1624889.031
1625087.011
1626972.102
1662609.003
1662610.023
1662630.033
1662657.006
1662684.016
1662701.013
1671375.001
1671386.011
1673294.102
1688097.001
1688122.011
1699690.003
1699691.023
1699711.033
1699752.006
1699755.016
1699770.013
1703156.003
1703170.013
1706053.102
1715578.003
1715579.023
1715599.033
1715655.006
1715657.016
1715670.013
1718246.003
1718269.013
1723359.102
1723389.101
1728602.003
1728603.023
1728623.033
1728659.006
1728681.016
1728700.013
1741532.003
1741551.013
1753091.002
1753099.012
1753184.002
1753195.012
1753260.001
1753261.021
1753281.031
1753405.011
1759772.102
1777828.001
1777856.011
1778012.002
1778031.012
1778329.003
1778330.023
1778334.013
1778350.033
1778352.003
1778381.006
1778408.016
1778426.013
1798401.102
1798932.001
1798956.011
1800444.101
1803293.003
1803294.023
1803314.033
1803331.006
1803332.016
1803384.013
1806631.102
1807137.003
1807138.023
1807158.033
1807181.006
1807222.016
1807242.013
1809173.003
1809196.013
1809355.102
1816471.003
1816472.023
1816492.033
1816512.006
1816514.016
1816516.006
1816538.016
1816555.013
1818656.102
1829920.003
1829921.023
1829941.033
1829973.006
1830004.016
1830027.013
1833659.001
1833660.021
1833680.031
1833796.011
1834612.102
1854514.101
1877666.001
1877667.021
1877687.031
1877734.004
1877744.014
1877747.004
1877754.014
1877758.004
1877761.014
1877767.004
1877769.014
1877782.011
1880128.001
1880145.011
