3
24
17
3
25
17
M005
k
1
5
12
35
45
0
00
00
250
7
800
0
0
0
0
0
0
3565512.111
3565512.112
3565513.049
3565513.027
3580276.003
3580326.013
3580352.003
3580385.013
3580821.003
3580857.013
3581431.001
3581539.004
3581543.014
3581577.011
3581969.003
3582001.013
3582015.003
3582120.013
3582386.003
3582425.013
3612780.001
3612815.011
3613417.003
3613426.013
3613446.003
3613510.013
3613720.001
3613781.011
3613788.001
3613844.004
3613846.014
3613849.004
3613852.014
3613865.011
3621905.003
3621931.013
3637157.003
3637198.013
3637212.003
3637216.013
3637513.003
3637529.013
3638859.001
3638894.011
3638897.001
3638899.011
3639887.003
3639919.013
3646736.002
3646760.012
3647048.003
3647168.013
3658642.001
3658721.011
3682119.003
3682166.013
3686335.002
3686337.012
3695201.003
3695233.013
3697085.001
3697094.004
3697098.014
3697102.004
3697103.014
3697105.004
3697111.014
3697119.011
3697122.001
3697133.011
3702084.002
3702100.012
3704481.003
3704512.013
3719703.003
3719732.013
3729904.003
3729930.013
3730202.001
3730212.004
3730216.014
3730219.004
3730225.014
3730227.004
3730261.014
3730278.004
3730281.014
3730320.011
3732935.002
3732956.012
3733026.001
3733051.011
3747966.001
3747985.004
3747993.014
3748035.011
3763502.003
3763533.013
3768634.003
3768638.013
3768643.003
3768652.013
3776154.002
3776167.012
3778472.001
3778490.004
3778498.014
3778515.011
3790452.003
3790485.013
3798779.003
3798806.013
3811735.002
3811791.012
3812326.003
3812399.013
3814237.001
3814251.004
3814279.014
3814291.011
3829610.001
3829618.004
3829622.014
3829625.004
3829628.014
3829636.004
3829676.014
3829681.004
3829682.014
3829691.011
3840294.001
3840331.011
3840352.001
3840356.011
3848487.003
3848520.013
3859221.003
3859230.013
3864472.003
3864502.013
3885496.003
3885536.013
3904579.003
3904676.013
3904804.001
3904818.004
3904822.014
3904870.011
3904884.001
3904928.004
3904933.014
3904940.004
3904946.014
3904955.011
3907906.001
3907921.011
3920227.003
3920248.013
3920379.001
3920390.004
3920397.014
3920449.011
3920455.001
3920457.011
3920483.001
3920489.011
3927205.003
3927252.013
3932740.003
3932754.013
3945539.003
3945592.013
3945756.001
3945777.011
3947650.001
3947656.004
3947667.014
3947668.004
3947725.014
3947730.004
3947803.014
3947811.011
3948466.003
3948527.013
3949072.002
3949297.012
3949299.002
3949321.012
3949322.002
3949342.012
3949348.002
3949375.012
3957380.003
3957400.013
3967029.003
3967046.013
3967063.003
3967067.013
3968452.001
3968476.011
3973936.001
3973947.011
3973966.001
3973968.011
3976931.002
3976937.012
3976951.002
3976954.012
3976994.002
3977029.012
3977102.003
3977157.013
3977501.002
3977509.012
3977551.002
3977562.012
3977600.002
3977608.012
3977614.002
3977616.012
3977619.002
3977634.012
3977660.002
3977689.012
3977693.002
3977708.012
3977786.003
3977826.013
4001870.001
4001881.004
4001886.014
4001887.004
4001979.014
4001989.011
4002106.003
4002144.013
4002172.003
4002178.013
4002240.003
4002306.013
4004656.001
4004667.004
4004670.014
4004672.004
4004683.014
4004684.004
4004694.014
4004698.004
4004700.014
4004701.004
4004703.014
4004706.004
4004723.014
4004746.011
4004756.001
4004789.011
4004792.001
4004823.011
4005077.003
4005097.013
4024930.003
4024951.013
4029466.003
4029487.013
4045700.003
4045736.013
4053616.002
4053628.012
4053680.001
4053719.011
4062034.003
4062060.013
4094559.003
4094593.013
4094744.001
4094786.011
4105539.049
4105539.027
4149023.003
4149055.013
4192815.001
4192856.011
4192872.001
4192888.011
4192897.001
4192901.011
4193035.003
4193114.013
4193479.001
4193486.004
4193489.014
4193492.004
4193496.014
4193503.004
4193512.014
4193516.004
4193519.014
4193604.004
4193607.014
4193626.011
4194376.003
4194414.013
4194416.003
4194460.013
4221913.003
4221951.013
4225483.001
4225537.011
4225822.003
4225850.013
4272057.003
4272071.013
4272074.003
4272092.013
4601363.003
4601437.013
4601451.003
4601462.013
4601551.003
4601581.013
4601702.001
4601723.004
4601725.014
4601844.004
4601845.014
4601877.011
4603813.002
4603829.012
4603902.001
4603962.011
4604006.001
4604064.004
4604066.014
4604086.011
4604319.003
4604366.013
4604430.003
4604491.013
4645697.003
4645751.013
4645777.003
4645855.013
4645976.001
4646005.004
4646012.014
4646023.004
4646026.014
4646139.011
4701732.003
4701827.013
4743911.003
4743993.013
4744001.001
4744005.011
4744020.001
4744021.011
4744138.004
4744172.014
4744339.001
4744381.011
4894906.003
4894956.013
5139637.003
5139699.013
5141005.001
5141018.004
5141054.014
5141061.011
5148835.002
5148898.012
5149189.003
5149271.013
5175090.003
5175154.013
5184053.003
5184075.013
5188044.003
5188062.013
5189061.003
5189082.013
5193835.001
5193846.004
5193848.014
5193849.004
5193866.014
5193879.011
5217845.002
5217850.012
5221679.003
5221714.013
5224905.001
5224925.011
5239514.003
5239536.013
5254981.001
5254991.011
5273617.003
5273655.013
5278218.001
5278244.011
5297602.003
5297630.013
5306695.003
5306716.013
5314235.003
5314257.013
5340706.001
5340738.011
5341377.003
5341400.013
5349233.003
5349252.013
5352381.002
5352390.012
5355926.003
5355946.013
5356164.001
5356218.011
5358014.002
5358016.012
5358021.002
5358030.012
5358082.003
5358109.013
5368336.001
5368345.004
5368348.014
5368361.011
5374554.003
5374557.013
5385710.003
5385734.013
5391610.003
5391626.013
5399308.003
5399326.013
5411568.003
5411583.013
5419159.001
5419182.011
5420283.003
5420302.013
5423418.003
5423464.013
5428708.002
5428726.012
5428766.002
5428769.012
5429108.001
5429124.011
5429143.001
5429145.011
5429660.003
5429680.013
5429728.003
5429936.013
5441220.001
5441231.004
5441236.014
5441238.004
5441245.014
5441253.011
5450608.003
5450644.013
5462963.003
5462985.013
5472549.003
5472577.013
5472689.001
5472700.011
5512449.003
5512479.013
5532820.001
5532833.011
5541658.003
5541700.013
5545611.001
5545619.004
5545655.014
5545663.011
5552091.001
5552102.004
5552137.014
5552143.004
5552150.014
5552151.004
5552180.014
5552192.011
5557428.001
5557438.011
5566341.001
5566353.011
5584449.003
5584491.013
5585431.001
5585446.011
5588895.001
5588910.011
5604481.003
5604502.013
5610324.003
5610382.013
5625836.003
5625859.013
5700574.001
5700597.011
5700600.001
5700602.011
5700734.003
5700774.013
5700780.003
5700785.013
5791804.003
5791849.013
5792177.001
5792213.011
6494043.003
6494087.013
6494092.003
6494169.013
6495102.001
6495158.011
6511847.003
6511909.013
6515777.003
6515838.013
6519684.001
6519720.011
6524304.003
6524385.013
6543461.003
6543486.013
6554475.003
6554492.013
6561969.003
6561981.013
6565559.001
6565721.011
6565722.001
6565728.011
6565906.003
6565922.013
6568107.003
6568149.013
6568271.001
6568285.004
6568288.014
6568297.004
6568300.014
6568348.011
6568349.001
6568352.004
6568354.014
6568372.004
6568375.014
6568467.004
6568485.014
6568487.004
6568520.014
6568557.011
6568568.001
6568570.011
6569644.001
6569696.011
6570126.001
6570135.011
6570178.001
6570217.011
6570567.003
6570685.013
6570737.003
6570759.013
6570760.003
6570830.013
6571014.001
6571024.004
6571029.014
6571033.004
6571047.014
6571080.011
6571082.001
6571097.011
6571103.001
6571205.004
6571213.014
6571218.004
6571228.014
6571229.004
6571239.014
6571250.004
6571264.014
6571335.004
6571339.014
6571342.004
6571356.014
6571374.004
6571392.014
6571394.004
6571406.014
6571407.004
6571433.014
6571440.004
6571454.014
6571463.004
6571506.014
6571519.004
6571574.014
6571632.011
6571688.001
6571699.004
6571705.014
6571707.004
6571709.014
6571715.004
6571721.014
6571722.004
6571724.014
6571797.004
6571802.014
6571819.004
6571822.014
6571828.004
6571836.014
6571840.004
6571872.014
6571902.011
6571917.001
6571918.011
6571919.001
6572049.004
6572051.014
6572054.004
6572067.014
6572109.011
6572111.001
6572130.004
6572133.014
6572134.011
6572135.001
6572176.004
6572192.014
6572211.004
6572232.014
6572272.004
6572275.014
6572324.004
6572383.014
6572490.004
6572498.014
6572513.011
6572718.001
6572833.004
6572862.014
6572868.004
6572872.014
6572894.004
6572932.014
6572934.004
6572942.014
6572945.004
6572963.014
6572968.004
6572972.014
6573014.011
6573017.001
6573029.011
6573031.001
6573033.011
6573039.001
6573050.011
6573051.001
6573066.011
6573067.001
6573070.011
6573071.001
6573074.011
6573076.001
6573088.011
6574616.003
6574684.013
6586654.003
6586677.013
6586706.003
6586742.013
6603837.001
6603869.004
6603873.014
6603915.011
6603922.001
6603926.011
6604286.003
6604326.013
6605224.002
6605241.012
6605247.002
6605256.012
6605259.002
6605271.012
6605275.002
6605282.012
6605647.003
6605679.013
6606838.003
6606855.013
6606869.003
6606871.013
6610173.003
6610179.013
6615673.003
6615697.013
6619185.002
6619189.012
6619204.002
6619213.012
6619232.002
6619234.012
6619787.001
6619846.011
6620608.002
6620619.012
6620642.002
6620686.012
6621142.001
6621152.011
6621153.001
6621155.011
6621158.001
6621171.011
6621194.001
6621225.011
6621273.001
6621334.011
6621527.001
6621547.004
6621549.014
6621552.004
6621560.014
6621583.011
6621601.001
6621614.011
6621678.001
6621849.011
6622086.002
6622090.012
6622110.002
6622115.012
6622117.002
6622278.012
6622359.002
6622423.012
6622428.002
6622463.012
6622464.002
6622471.012
6622473.002
6622487.012
6622489.002
6622902.012
6624145.002
6624150.012
6624166.002
6624169.012
6624175.002
6624181.012
6624182.002
6624184.012
6624365.002
6624851.012
6625237.002
6625276.012
6625445.002
6626296.012
6628264.002
6628749.012
6628751.002
6628962.012
6629230.002
6629540.012
6629761.002
6630007.012
6630029.002
6630113.012
6630535.002
6630781.012
6631269.002
6631499.012
6631531.002
6631847.012
6631870.002
6631873.012
6631882.002
6632290.012
6632294.002
6632297.012
6632304.002
6632307.012
6634991.002
6635926.012
6635936.002
6635941.012
3
24
17
3
25
17
M005
k
1
5
12
35
45
0
00
00
250
7
800
0
0
0
0
0
0
6635944.002
6635968.012
6636425.002
6636610.012
6636631.002
6636840.012
6638105.003
6638183.013
6638343.002
6638359.012
6638375.002
6638715.012
6638787.002
6638825.012
6638832.002
6638836.012
6638855.002
6639140.012
6639242.002
6639530.012
6639532.002
6639893.012
6640103.002
6640202.012
6640208.002
6640211.012
6640213.002
6640214.012
6640216.002
6640222.012
6640228.002
6640257.012
6640261.002
6640265.012
6640272.002
6640299.012
6640302.002
6640318.012
6640319.002
6640320.012
6640321.002
6640337.012
6640341.002
6640353.012
6640356.002
6640395.012
6640978.001
6640985.004
6640988.014
6640997.004
6641005.014
6641037.011
6641039.001
6641278.011
6641374.001
6641608.004
6641630.014
6641725.004
6641727.014
6641772.011
6641906.002
6641939.012
6641946.002
6642009.012
6642012.002
6642028.012
6642253.003
6642481.013
6642616.003
6642808.013
6642825.003
6642994.013
6642995.003
6643083.013
6643095.003
6643096.013
6643097.003
6643382.013
6643476.003
6643489.013
6643574.003
6643623.013
6643632.003
6643639.013
6651334.001
6651344.011
6651363.001
6651366.011
6657330.003
6657335.013
6657341.003
6657379.013
6657507.003
6657532.013
6657540.003
6657544.013
6657696.001
6657759.011
6672139.003
6672164.013
6686542.003
6686594.013
6686721.001
6686741.011
6698067.003
6698086.013
6698940.001
6698945.011
6716836.003
6716860.013
6728070.003
6728098.013
6757709.003
6757734.013
6776655.003
6776685.013
6798625.003
6798690.013
6811231.003
6811249.013
6814448.001
6814491.011
6825334.001
6825363.011
6825902.001
6825917.004
6825921.014
6825925.004
6826013.014
6826028.011
6827850.003
6827888.013
6842113.003
6842127.013
6850122.002
6850132.012
6855923.003
6855950.013
7657353.003
7657380.013
7657383.003
7657389.013
7657422.003
7657464.013
7659393.001
7659428.011
7661148.002
7661162.012
7661603.003
7661851.013
7662248.001
7662308.011
7662695.001
7662740.004
7662743.014
7662762.011
7663234.003
7663303.013
7663308.003
7663385.013
7673321.003
7673355.013
7678059.003
7678123.013
7679757.001
7679787.011
7686842.003
7686854.013
7700800.003
7700874.013
7708310.003
7708335.013
7709347.001
7709361.004
7709364.014
7709403.011
7716585.003
7716616.013
7730765.003
7730858.013
7731455.001
7731494.011
7733313.002
7733325.012
7733566.001
7733599.011
7738270.003
7738299.013
7738645.001
7738676.011
7740364.003
7740389.013
7752794.003
7752845.013
7757046.003
7757078.013
7762711.003
7762728.013
7766761.002
7766770.012
7770568.003
7770579.013
7779551.001
7779574.011
7783986.002
7783988.012
7784754.003
7784787.013
7790524.003
7790549.013
7790728.001
7790757.011
7792803.003
7792820.013
7798682.003
7798782.013
7799007.001
7799053.011
7813078.003
7813106.013
7822110.003
7822134.013
7822936.001
7822956.011
7825594.003
7825628.013
7826023.001
7826090.011
7832904.003
7832923.013
7835226.003
7835237.013
7839226.003
7839259.013
7856564.003
7856792.013
7857029.003
7857111.013
7859151.003
7859183.013
7859544.003
7859661.013
7859677.003
7859685.013
7859994.001
7860003.004
7860032.014
7860270.004
7860283.014
7860743.004
7860754.014
7860788.004
7860790.014
7860791.004
7860797.014
7860849.004
7860854.014
7861064.004
7861150.014
7861161.011
7861165.001
7861171.011
7861399.001
7861410.004
7861414.014
7861420.004
7861448.014
7861451.004
7861452.014
7861455.004
7861458.014
7861463.004
7861470.014
7861472.004
7861570.014
7861867.004
7861915.014
7861945.011
7863482.001
7863491.004
7863495.014
7863521.011
7865154.001
7865175.011
7872267.003
7872327.013
7874148.003
7874176.013
7875719.002
7875787.012
7875807.002
7875812.012
7876032.003
7876114.013
7876477.003
7876570.013
7876836.002
7876868.012
7876921.001
7876932.004
7876933.014
7876940.004
7876945.014
7877181.011
7877198.001
7877217.011
7877222.001
7877222.004
7877264.011
7877285.014
7877291.001
7877300.004
7877318.011
7877319.001
7877338.014
7877361.004
7877377.014
7877380.004
7877415.014
7877417.004
7877432.014
7877435.004
7877441.014
7877443.004
7877460.014
7877471.011
7878051.003
7878211.013
7878213.003
7878229.013
7878231.003
7878242.013
7878247.003
7878256.013
7878257.003
7878264.013
7879198.002
7879264.012
7879288.002
7879297.012
7879304.002
7879311.012
7879317.002
7879324.012
7879330.002
7879340.012
7885600.041
7885601.059
7885601.037
7886111.003
7886146.013
7886271.001
7886303.011
7886667.003
7886740.013
7886839.003
7886877.013
7887397.101
7888197.003
7888275.013
7888278.003
7888286.013
7888287.003
7888310.013
7889064.003
7889096.013
7889188.001
7889189.021
7889209.031
7889246.004
7889248.014
7889274.004
7889301.014
7889307.004
7889308.014
7889329.011
7890339.101
7891265.001
7891266.021
7891286.031
7891322.004
7891323.014
7891328.004
7891364.014
7891380.011
7893076.001
7893101.004
7893103.014
7893123.004
7893125.014
7893215.011
7893241.001
7893336.011
7893772.003
7893868.013
7893991.101
7894032.001
7894033.021
7894053.031
7894056.004
7894057.014
7894058.004
7894059.014
7894093.004
7894109.014
7894130.011
7895727.001
7895779.004
7895781.014
7895917.011
7896241.101
7896379.003
7896469.013
7896481.003
7896486.013
7896621.001
7896622.021
7896642.031
7896686.004
7896711.014
7896727.011
7898624.001
7898709.004
7898729.014
7898730.004
7898734.014
7898756.011
7898799.101
7898835.001
7898836.021
7898843.004
7898848.014
7898856.031
7898934.011
7900888.001
7900946.004
7900974.014
7900975.004
7901043.014
7901044.004
7901049.014
7901061.004
7901078.014
7901080.004
7901087.014
7901132.011
7902414.003
7902496.013
7902506.003
7902522.013
7902542.003
7902545.013
7902635.001
7902670.004
7902673.014
7902784.004
7902786.014
7902788.004
7902789.014
7902815.004
7902832.014
7902855.011
7902863.001
7902867.011
7903130.001
7903133.101
7903135.021
7903155.004
7903155.031
7903158.014
7903189.004
7903208.014
7903221.011
7905353.001
7905382.004
7905384.014
7905461.004
7905466.014
7905477.011
7905537.001
7905558.011
7905674.002
7905693.012
7905796.003
7906061.013
7906176.001
7906206.004
7906208.014
7906212.004
7906214.014
7906216.004
7906219.014
7906224.004
7906226.014
7906229.004
7906240.014
7906336.004
7906338.014
7906361.004
7906364.014
7906374.004
7906443.014
7906448.011
7906518.001
7906547.004
7906550.014
7906602.011
7906809.001
7906844.011
7907544.003
7907599.013
7907693.001
7907701.004
7907716.014
7907720.004
7907737.014
7907742.004
7907745.014
7907747.004
7907752.014
7907754.004
7907760.014
7907945.011
7908106.001
7908165.011
7909442.003
7909559.013
7909568.003
7909585.013
7909672.001
7909685.004
7909690.014
7909698.004
7909701.014
7909707.004
7909713.014
7909853.011
7910180.003
7910214.013
7911186.001
7911219.011
7912029.003
7912202.013
7912289.001
7912303.004
7912305.014
7912307.004
7912309.014
7912322.004
7912334.014
7912398.004
7912400.014
7912459.011
7912465.001
7912471.011
7912791.003
7912811.013
7914462.003
7914498.013
7914609.001
7914623.004
7914626.014
7914649.011
7914870.101
7915932.102
7916342.003
7916343.023
7916363.033
7916504.013
7917958.003
7918054.013
7918062.003
7918067.013
7919167.003
7919183.013
7919276.001
7919277.021
7919297.031
7919333.004
7919361.014
7919367.004
7919368.014
7919380.011
7921212.001
7921220.004
7921221.014
7921278.011
7921500.001
7921538.011
7921554.001
7921573.011
7922608.003
7922643.013
7923804.003
7923849.013
7924040.001
7924078.004
7924083.014
7924084.004
7924087.014
7924116.011
7924124.001
7924128.011
7924384.101
7926788.003
7926816.013
7928088.003
7928111.013
7928265.001
7928266.021
7928286.031
7928326.004
7928375.014
7928390.011
7929926.001
7929937.004
7929939.014
7929945.004
7929954.014
7929958.004
7929966.014
7929968.004
7929971.014
7929984.004
7929987.014
7929991.004
7929999.014
7930000.004
7930011.014
7930013.004
7930020.014
7930040.011
7930300.001
7930308.004
7930334.014
7930346.011
7931368.003
7931446.013
7931541.001
7931554.004
7931557.014
7931579.011
7932632.102
7934335.003
7934336.023
7934356.033
7934469.013
7936170.003
7936247.013
7936265.003
7936295.013
7936451.001
7936480.004
7936483.014
7936520.011
7938894.101
7942083.001
7942084.021
7942093.004
7942096.014
7942099.004
7942100.014
7942104.031
7942144.004
7942145.014
7942146.004
7942181.014
7942195.011
7944524.001
7944557.004
7944559.014
7944563.004
7944569.014
7944609.011
7944850.003
7944898.013
7944911.003
7944949.013
7945051.001
7945061.004
7945066.014
7945068.004
7945086.014
7945133.004
7945142.014
7945147.004
7945160.014
7945166.011
7946406.003
7946445.013
7946728.001
7946773.011
7948358.003
7948393.013
7948490.001
7948531.011
7948533.001
7948537.011
7951804.003
7951828.013
7953041.003
7953076.013
7953173.001
7953224.011
7953914.102
7954383.003
7954384.023
7954404.033
7954511.013
7956109.003
7956138.013
7956331.001
7956398.011
7963688.003
7963722.013
7964916.003
7964943.013
7965046.001
7965069.011
7965518.101
7971636.003
7971668.013
7972933.003
7972954.013
7974781.003
7974807.013
7974906.001
7974907.021
7974923.004
7974927.014
7974927.031
7975015.011
7976899.001
7976955.004
7976964.014
7976965.004
7977022.014
7977025.004
7977045.014
7977062.011
7979599.101
7983203.001
7983204.021
7983223.004
7983224.031
7983226.014
7983260.004
7983293.014
7983296.004
7983300.014
7983316.011
7984522.101
7984929.001
7984930.021
7984941.004
7984943.014
7984950.031
7984996.004
7985017.014
7985034.011
7986460.001
7986482.004
7986483.014
7986536.004
7986537.014
7986553.004
7986581.014
7986608.011
7986880.003
7986944.013
7987087.001
7987098.004
7987102.014
7987107.004
7987123.014
7987177.004
7987180.014
7987183.004
7987185.014
7987204.004
7987213.014
7987215.004
7987278.014
7987283.011
7987857.001
7987866.004
7987870.014
7987877.004
7987881.014
7987904.011
7989496.003
7989534.013
7989581.003
7989609.013
7989692.001
7989698.004
7989707.014
7989709.004
7989712.014
7989750.011
3
24
17
3
25
17
M005
k
1
5
12
35
45
0
00
00
250
7
801
0
0
0
0
0
0
7989759.001
7989803.101
7989805.021
7989810.011
7989821.001
7989825.031
7989850.004
7989873.014
7989888.011
7989890.001
7989892.011
7989893.001
7989899.004
7989910.014
7989921.011
7991544.001
7991583.004
7991595.014
7991680.004
7991687.014
7991700.011
7994585.101
7995438.003
7995465.013
7995550.001
7995551.021
7995560.004
7995562.014
7995565.004
7995567.014
7995571.031
7995614.004
7995646.014
7995663.011
7997642.001
7997702.011
7999004.003
7999074.013
7999169.001
7999176.004
7999184.014
7999191.004
7999208.014
7999231.011
7999238.001
7999283.004
7999296.014
7999303.011
8001956.102
8004280.003
8004281.023
8004301.033
8004400.013
8005573.101
8006035.003
8006074.013
8006110.003
8006137.013
8006404.001
8006405.021
8006425.031
8006476.004
8006481.014
8006494.011
8008275.001
8008344.011
8008896.001
8008906.004
8008909.014
8008948.011
8010151.003
8010201.013
8010410.001
8010418.004
8010426.014
8010463.011
8011713.003
8011741.013
8011743.003
8011744.013
8011844.001
8011858.004
8011862.014
8011873.004
8011878.014
8011900.011
8013287.101
8015339.001
8015340.021
8015346.004
8015349.014
8015360.031
8015390.004
8015417.014
8015436.011
8016991.001
8017023.011
8021093.003
8021111.013
8023412.001
8023419.004
8023422.014
8023444.011
8025506.001
8025528.011
8028478.102
8029045.003
8029046.023
8029066.033
8029172.013
8029523.101
8030910.003
8030935.013
8031155.001
8031156.021
8031175.004
8031176.031
8031177.014
8031254.011
8033106.001
8033160.011
8036084.003
8036146.013
8036686.003
8036704.013
8036785.001
8036804.004
8036809.014
8036823.011
8053403.102
8056216.101
8074824.003
8074825.023
8074845.033
8074944.013
8076478.003
8076567.013
8076811.001
8076812.021
8076832.031
8076882.004
8076884.014
8076897.011
8078503.001
8078552.004
8078554.014
8078596.011
8078636.001
8078715.011
8078839.002
8078862.012
8079033.003
8079242.013
8079336.001
8079350.004
8079353.014
8079360.004
8079362.014
8079364.004
8079366.014
8079369.004
8079379.014
8079381.004
8079391.014
8079408.004
8079412.014
8079525.011
8079527.001
8079569.004
8079574.014
8079575.004
8079580.014
8079584.004
8079592.014
8079629.011
8079781.002
8079797.012
8079881.101
8083919.102
8149504.003
8149505.023
8149525.033
8149613.013
8151553.003
8151670.013
8151945.001
8151946.021
8151966.031
8151998.004
8152034.014
8152050.011
8153691.101
8153988.001
8153989.021
8154009.031
8154095.011
8155588.001
8155646.004
8155650.014
8155787.011
8156340.001
8156386.011
8156839.003
8156967.013
8156991.003
8157020.013
8157145.001
8157161.004
8157165.014
8157170.004
8157178.014
8157246.004
8157248.014
8157266.004
8157268.014
8157330.011
8157421.001
8157482.011
8157593.002
8157632.012
8157817.003
8158045.013
8158062.003
8158075.013
8158468.001
8158491.004
8158494.014
8158547.004
8158548.014
8158579.011
8158581.001
8158583.011
8158604.001
8158642.011
8158664.001
8158697.011
8158733.001
8158793.011
8158804.001
8158809.011
8159108.001
8159163.011
8159469.003
8159539.013
8159544.003
8159636.013
8159780.001
8159793.004
8159798.014
8159800.004
8159803.014
8159806.004
8159810.014
8159817.004
8159821.014
8159824.004
8159827.014
8159951.011
8159959.001
8159988.004
8159992.014
8160024.004
8160030.014
8160065.011
8160683.001
8160692.004
8160697.014
8160720.011
8165268.102
8166511.101
8180705.003
8180706.023
8180726.033
8180832.013
8183171.003
8183273.013
8183407.001
8183408.021
8183428.031
8183466.004
8183493.014
8183506.011
8184434.101
8185460.001
8185461.021
8185480.004
8185481.014
8185481.031
8185527.004
8185554.014
8185563.004
8185578.014
8185601.011
8187666.001
8187766.011
8188020.001
8188125.011
8188472.001
8188524.004
8188526.014
8188556.011
8188562.001
8188568.011
8189017.003
8189159.013
8189261.001
8189275.004
8189281.014
8189287.004
8189292.014
8189294.004
8189297.014
8189298.004
8189307.014
8189312.004
8189321.014
8189328.004
8189335.014
8189336.004
8189338.014
8189358.004
8189360.014
8189441.004
8189443.014
8189449.004
8189453.014
8189491.011
8189501.001
8189533.004
8189535.014
8189537.004
8189544.014
8189550.004
8189556.014
8189594.011
8190364.101
8190622.102
8190645.001
8190646.021
8190663.004
8190666.031
8190667.014
8190720.004
8190721.014
8190725.004
8190726.014
8190738.011
8192834.001
8192843.004
8192845.014
8192880.011
8201225.003
8201226.023
8201231.013
8201234.003
8201246.033
8201272.013
8201282.006
8201283.016
8201287.006
8201288.016
8201344.003
8201408.013
8202249.102
8203548.003
8203549.023
8203569.033
8203675.013
8203684.003
8203689.013
8205577.003
8205684.013
8205998.001
8206073.011
8213112.101
8245634.102
8792674.003
8792675.023
8792695.033
8792881.013
8795638.003
8795835.013
8796023.001
8796024.021
8796044.031
8796082.004
8796110.014
8796124.011
8798002.001
8798101.011
8798726.003
8798992.013
8799157.001
8799173.004
8799177.014
8799226.004
8799228.014
8799236.004
8799240.014
8799290.004
8799301.014
8799367.004
8799372.014
8799386.004
8799394.014
8799488.011
8799767.001
8799823.011
8800102.003
8800530.013
8800628.003
8800705.013
8801156.001
8801170.004
8801174.014
8801361.004
8801364.014
8801374.004
8801376.014
8801383.004
8801387.014
8801392.004
8801404.014
8801428.011
8801949.003
8802155.013
8802158.003
8802165.013
8802167.003
8802180.013
8802188.003
8802226.102
8802228.023
8802248.033
8802331.013
8804889.003
8805069.013
8805482.101
8805606.003
8805634.013
8805793.001
8805794.021
8805814.031
8805845.004
8805869.014
8805883.011
8808243.001
8808372.011
8808570.001
8808624.011
8808837.003
8809191.013
8809305.003
8809335.013
8809446.001
8809461.004
8809471.014
8809479.004
8809496.014
8809500.004
8809516.014
8809519.004
8809525.014
8809617.004
8809622.014
8809665.011
8810128.003
8810181.013
8810233.003
8810400.013
8810499.001
8810512.004
8810516.014
8810524.004
8810527.014
8810529.004
8810531.014
8810533.004
8810541.014
8810579.004
8810580.014
8810581.004
8810591.014
8810595.004
8810605.014
8810608.004
8810610.014
8810614.004
8810622.014
8810706.004
8810708.014
8810724.004
8810728.014
8810729.004
8810748.014
8810766.004
8810767.014
8810780.011
8810813.101
8810857.001
8810858.021
8810869.004
8810871.014
8810878.031
8810909.004
8810911.014
8810912.004
8810943.014
8810949.004
8810951.014
8810966.011
8812930.001
8813027.011
8813326.001
8813449.011
8813706.003
8814008.013
8814012.003
8814018.013
8814152.001
8814164.004
8814168.014
8814178.004
8814181.014
8814182.004
8814185.014
8814191.004
8814199.014
8814220.004
8814225.014
8814230.004
8814244.014
8814246.004
8814263.014
8814266.004
8814271.014
8814310.011
8814322.001
8814375.004
8814379.014
8814387.004
8814402.014
8814407.011
8814482.001
8814529.004
8814532.014
8814553.004
8814558.014
8814567.004
8814571.014
8814580.011
8814609.001
8814631.011
8814684.001
8814693.004
8814699.014
8814700.004
8814703.014
8814784.004
8814785.014
8814809.011
8814994.001
8815012.011
8815394.001
8815525.011
8815530.001
8815533.011
8815541.001
8815547.011
8815748.003
8815773.013
8818393.003
8818463.013
8818470.003
8818528.013
8818671.001
8818688.004
8818691.014
8818695.004
8818698.014
8818707.004
8818709.014
8818816.004
8818818.014
8818849.011
8818856.001
8818869.011
8819903.001
8819914.004
8819917.014
8819961.011
8827266.003
8827360.013
8827374.003
8827413.013
8827564.001
8827574.004
8827575.014
8827622.011
8827624.001
8827699.011
8828266.102
8839531.101
8851529.003
8851530.023
8851550.033
8851636.013
8853459.003
8853530.013
8853747.001
8853748.021
8853761.004
8853763.014
8853768.031
8853804.004
8853822.014
8853835.011
8856342.001
8856461.011
8856534.101
8856887.003
8857202.013
8857338.001
8857339.021
8857359.031
8857398.004
8857421.014
8857434.011
8859123.001
8859136.004
8859141.014
8859146.004
8859148.014
8859239.011
8859497.001
8859593.004
8859598.014
8859608.004
8859611.014
8859628.004
8859635.014
8859650.011
8859884.003
8860228.013
8860354.001
8860379.004
8860386.014
8860389.004
8860396.014
8860440.004
8860448.014
8860452.004
8860457.014
8860468.011
8860484.001
8860496.004
8860515.014
8860516.004
8860533.014
8860537.004
8860545.014
8860548.004
8860558.014
8860602.004
8860607.014
8860668.004
8860678.014
8860680.004
8860688.014
8860704.004
8860706.014
8860709.004
8860723.014
8860733.011
8860884.001
8860889.004
8860897.014
8860900.004
8860904.014
8860985.011
8861372.003
8861659.013
8861789.001
8861800.004
8861808.014
8861813.004
8861837.014
8861838.004
8861854.014
8861909.004
8861911.014
8861974.004
8861978.014
8862050.011
8862220.001
8862255.011
8862323.001
8862367.004
8862369.014
8862383.011
8862787.001
8862863.011
8862906.001
8862972.011
8863214.003
8863239.013
8863265.003
8863448.013
8863519.003
8863563.013
8863678.001
8863717.004
8863723.014
8863728.004
8863737.014
8863739.004
8863749.014
8863774.004
8863779.014
8863780.004
8863783.014
8863808.011
8863820.001
8863879.004
8863888.014
8863893.004
8863895.014
8863954.011
8863956.001
8863958.011
8863960.001
8863968.004
8863970.014
8863998.011
8864231.001
8864272.011
8864580.101
8864997.001
8864998.021
8865007.004
8865010.014
8865018.031
8865054.004
8865072.014
8865096.011
8866345.101
8867206.001
8867207.021
8867223.004
8867227.031
8867229.014
8867265.004
8867267.014
8867268.004
8867290.014
8867306.011
8870123.001
8870158.004
8870166.014
8870169.004
8870177.014
8870178.004
8870183.014
8870188.004
8870196.014
8870197.004
8870204.014
8870309.011
8870664.002
8870676.012
8870864.003
8871154.013
8871278.001
8871294.004
8871300.014
8871342.011
8871344.001
8871348.011
8871350.001
8871401.004
8871402.014
8871408.004
8871413.014
8871420.004
8871424.014
8871459.011
8871654.001
8871736.011
8872132.003
8872148.013
8872504.001
8872553.011
8874216.003
8874453.013
8874525.002
8874532.012
8874590.001
8874615.004
8874618.014
8874647.011
8874648.001
3
24
17
3
25
17
M005
k
1
5
12
35
45
0
00
00
250
7
703
0
0
0
0
0
0
8874649.011
8874678.001
8874703.011
8874711.001
8874742.011
8874763.001
8874779.004
8874781.014
8874791.004
8874793.014
8874801.011
8874811.001
8874847.011
8875470.001
8875502.011
8875541.001
8875552.004
8875553.014
8875618.011
8877407.003
8877464.013
8877483.003
8877492.013
8877615.001
8877663.011
8877695.001
8877703.004
8877716.014
8877726.004
8877731.014
8877733.004
8877736.014
8877749.004
8877757.014
8877820.004
8877822.014
8877832.004
8877836.014
8877838.004
8877845.014
8877849.004
8877854.014
8877867.004
8877880.014
8877890.011
8879402.003
8879462.013
8879474.003
8879477.013
8879601.001
8879689.011
8879729.001
8879733.011
8883331.003
8883409.013
8883533.001
8883552.004
8883554.014
8883561.004
8883564.014
8883570.004
8883573.014
8883631.004
8883632.014
8883640.004
8883644.014
8883652.004
8883656.014
8883661.004
8883664.014
8883715.011
8883722.001
8883758.004
8883762.014
8883770.004
8883773.014
8883804.011
8883851.001
8883867.011
8884047.003
8884077.013
8884466.001
8884501.011
8889622.102
8907201.101
8914418.003
8914419.023
8914439.033
8914517.013
8916199.003
8916298.013
8916443.001
8916444.021
8916464.031
8916497.004
8916498.014
8916503.004
8916529.014
8916543.011
8918434.102
8918752.001
8918778.004
8918783.014
8918844.004
8918847.014
8918861.004
8918865.014
8918866.004
8918875.014
8918885.011
8919292.002
8919315.012
8919370.002
8919385.012
8919576.003
8919577.023
8919597.033
8919610.102
8919612.023
8919632.033
8919703.013
8921769.003
8921865.013
8923657.003
8923827.013
8924052.001
8924133.011
8924135.001
8924187.011
8924254.101
8924620.003
8924884.013
8925021.001
8925022.021
8925042.004
8925042.031
8925045.014
8925104.004
8925111.014
8925113.102
8925126.011
8927182.001
8927268.004
8927272.014
8927279.004
8927283.014
8927297.011
8927660.003
8927661.023
8927681.033
8927761.013
8929534.102
8929671.003
8929672.023
8929692.033
8929751.013
8931802.003
8931905.013
8932312.001
8932325.004
8932328.014
8932367.004
8932377.014
8932434.011
8932930.003
8932976.013
8932988.003
8933062.013
8969605.102
8971604.003
8971605.023
8971625.033
8971718.013
8973120.003
8973220.013
8973266.003
8973309.013
8973427.001
8973456.004
8973457.014
8973573.004
8973575.014
8973611.011
8973869.003
8974262.013
8974392.001
8974401.004
8974404.014
8974405.004
8974431.014
8974433.004
8974447.014
8974448.004
8974456.014
8974458.004
8974460.014
8974464.004
8974466.014
8974482.004
8974486.014
8974488.004
8974490.014
8974578.004
8974598.014
8974605.011
8974609.001
8974676.011
8975005.003
8975263.013
8975316.003
8975348.013
8975463.001
8975474.004
8975477.014
8975479.004
8975483.014
8975495.004
8975500.014
8975502.004
8975510.014
8975602.011
8975658.001
8975692.004
8975701.014
8975708.004
8975715.014
8975724.011
8975970.003
8976224.013
8976237.003
8976268.013
8976394.001
8976424.004
8976427.014
8976468.004
8976476.014
8976486.011
8976500.001
8976525.004
8976531.014
8976550.011
8976590.001
8976607.011
8976656.001
8976665.004
8976671.014
8976706.011
8976750.001
8976774.011
8976834.102
8976843.002
8976852.012
8977062.003
8977063.023
8977083.033
8977152.013
8979014.003
8979158.013
8979417.001
8979433.004
8979436.014
8979469.011
8979472.001
8979538.011
8979545.001
8979566.011
8979955.003
8980178.013
8980303.001
8980357.004
8980358.014
8980377.011
8980384.001
8980392.004
8980395.014
8980404.004
8980408.014
8980421.011
8980431.001
8980452.011
8980470.001
8980496.011
8980510.001
8980520.004
8980523.014
8980524.004
8980528.014
8980531.004
8980532.014
8980583.011
8980586.001
8980640.011
8980871.001
8980883.011
8981044.003
8981306.013
8981321.003
8981343.013
8981472.001
8981481.004
8981484.014
8981510.004
8981512.014
8981530.011
8981531.001
8981534.011
8981537.001
8981559.011
8981571.001
8981602.011
8981615.001
8981642.011
8981669.001
8981800.011
8981917.001
8981936.004
8981945.014
8981981.011
8982165.003
8982398.013
8982422.003
8982436.013
8983170.001
8983234.011
8985060.003
8985101.013
8987027.101
9029511.102
9058263.003
9058264.023
9058284.033
9058397.013
9061847.001
9061848.021
9061868.031
9061899.004
9061900.014
9061909.004
9061932.014
9061946.011
9063394.001
9063489.011
9063914.003
9064100.013
9064117.003
9064132.013
9064273.001
9064287.004
9064288.014
9064293.004
9064296.014
9064303.004
9064306.014
9064446.004
9064448.014
9064482.011
9064814.003
9065116.013
9065142.003
9065152.013
9065375.001
9065528.011
9065538.001
9065548.011
9065565.001
9065651.011
9066036.003
9066356.013
9066529.001
9066539.004
9066543.014
9066552.004
9066555.014
9066556.004
9066560.014
9066564.004
9066569.014
9066643.004
9066656.014
9066676.011
9066736.001
9066776.004
9066778.014
9066827.011
9066844.001
9066865.011
9066906.102
9067142.003
9067143.023
9067163.033
9067243.013
9068968.003
9069099.013
9069683.003
9069750.013
9070060.003
9070080.013
9073751.001
9073784.004
9073786.014
9073794.004
9073797.014
9073816.011
9074906.003
9074961.013
9075158.001
9075165.004
9075169.014
9075189.004
9075193.014
9075214.011
9080420.102
9083499.101
9161464.003
9161465.023
9161485.033
9161578.013
9163218.003
9163339.013
9163678.001
9163679.021
9163699.031
9163706.004
9163707.014
9163737.004
9163763.014
9163777.011
9165426.001
9165505.011
9165637.001
9165688.004
9165690.014
9165736.011
9165850.002
9165871.012
9166095.003
9166258.013
9166260.003
9166274.013
9166292.003
9166328.013
9166415.003
9166438.013
9166575.001
9166587.004
9166593.014
9166599.004
9166602.014
9166604.004
9166609.014
9166701.011
9166715.001
9166769.011
9166857.001
9166892.011
9167258.001
9167278.004
9167282.014
9167320.011
9167559.003
9167597.013
9167645.003
9167782.013
9167786.003
9167894.013
9168078.002
9168096.012
9168174.001
9168189.004
9168196.014
9168265.011
9168286.001
9168290.011
9168622.003
9168922.013
9169154.003
9169171.013
9171281.003
9171376.013
9171639.001
9171796.011
9171804.001
9171825.011
9176236.102
9181053.101
9226736.003
9226737.023
9226757.033
9226854.013
9228433.003
9228544.013
9228598.003
9228620.013
9228770.001
9228771.021
9228791.031
9228847.004
9228854.014
9228867.011
9230420.001
9230506.011
9230787.001
9230817.011
9231153.003
9231429.013
9231461.003
9231487.013
9231613.001
9231632.004
9231633.014
9231635.004
9231639.014
9231645.004
9231655.014
9231658.004
9231661.014
9231662.004
9231673.014
9231699.004
9231702.014
9231792.004
9231798.014
9231886.011
9232236.003
9232393.013
9232528.001
9232543.004
9232547.014
9232561.004
9232563.014
9232575.004
9232576.014
9232642.011
9232668.001
9232673.011
9232698.001
9232725.011
9232751.001
9232763.004
9232767.014
9232807.011
9233058.003
9233284.013
9233433.001
9233482.011
9233495.001
9233519.011
9233549.001
9233616.004
9233621.014
9233672.011
9233764.001
9233819.004
9233820.014
9233861.011
9233867.001
9233872.011
9234376.003
9234412.013
9234459.003
9234493.013
9234519.003
9234536.013
9234547.003
9234576.013
9234587.003
9234662.013
9234732.003
9234751.013
9234896.001
9234927.011
9234999.001
9235080.011
9237089.101
9271370.003
9271438.013
9271456.003
9271475.013
9271598.001
9271599.021
9271619.031
9271651.004
9271652.014
9271664.004
9271685.014
9271701.011
9273408.001
9273528.011
9273927.003
9274051.013
9274180.001
9274202.004
9274203.014
9274215.004
9274217.014
9274266.004
9274269.014
9274347.004
9274357.014
9274370.004
9274389.014
9274395.004
9274402.014
9274411.004
9274424.014
9274458.011
9274566.002
9274580.012
9274717.003
9274978.013
9275102.001
9275117.004
9275121.014
9275130.004
9275141.014
9275153.004
9275157.014
9275165.004
9275175.014
9275192.004
9275194.014
9275219.004
9275223.014
9275235.004
9275237.014
9275239.004
9275268.014
9275422.011
9275790.003
9276006.013
9276056.003
9276166.013
9276262.002
9276344.012
9276423.001
9276432.004
9276439.014
9276471.011
9276499.001
9276504.011
9276847.003
9277091.013
9277134.003
9277169.013
9277315.001
9277352.004
9277354.014
9277364.004
9277366.014
9277388.004
9277390.014
9277409.004
9277413.014
9277414.004
9277419.014
9277427.004
9277436.014
9277500.004
9277502.014
9277510.004
9277511.014
9277512.004
9277517.014
9277524.004
9277528.014
9277582.011
9277862.001
9277897.011
9279507.003
9279551.013
9279564.003
9279572.013
9279737.001
9279809.011
9280096.003
9280146.013
9280436.001
9280470.004
9280475.014
9280485.004
9280486.014
9280549.004
9280552.014
9280568.004
9280576.014
9280577.004
9280580.014
9280592.004
9280595.014
9280616.011
9281929.003
9281984.013
9282128.001
9282179.011
9282187.001
9282201.011
9282205.001
9282212.011
9282213.001
9282256.011
9289218.101
9303753.102
9325634.051
3
24
17
3
25
17
M005
k
1
5
12
35
45
0
00
00
250
7
114
0
0
0
0
0
0
9325635.111
9325635.112
9361756.003
9361811.013
9361821.003
9361866.013
9361980.001
9362016.004
9362019.014
9362046.011
9362067.001
9362073.011
9363886.003
9363944.013
9363963.003
9364000.013
9364119.001
9364138.004
9364141.014
9364195.011
9364197.001
9364254.011
9364544.003
9364604.013
9364776.001
9364805.004
9364807.014
9364886.011
9365180.003
9365233.013
9365246.003
9365341.013
9365344.003
9365371.013
9365374.003
9365420.013
9366101.002
9366121.012
9366132.002
9366135.012
9366275.003
9366303.013
9366341.003
9366526.013
9366702.001
9366729.011
9486963.001
9487026.011
9487165.003
9487222.013
9487224.003
9487254.013
9487480.001
9487514.011
9487522.001
9487557.011
9489445.003
9489545.013
9489599.003
9489615.013
9489812.001
9489827.004
9489831.014
9489840.004
9489844.014
9489932.004
9489936.014
9489955.004
9489960.014
9489975.004
9489977.014
9490020.011
9490310.001
9490346.011
9490520.003
9490690.013
9491063.001
9491086.004
9491089.014
9491145.011
9491149.001
9491155.011
9491156.001
9491167.011
9659372.003
9659451.013
9660096.001
9660173.011
9661337.003
9661375.013
9661626.001
9661663.011
9839544.003
9839674.013
9839677.003
9839705.013
9839820.001
9839907.004
9839910.014
9839932.011
9840698.003
9840743.013
9841332.001
9841420.004
9841425.014
9841447.004
9841452.014
9841494.011
9841864.003
9842106.013
9842118.003
9842196.013
9843021.001
9843124.011
3
25
17
3
25
17
M005
k
1
5
16
20
02
0
00
00
250
7
800
0
0
0
0
0
0
7666.003
7691.013
7780.001
7804.011
10355.003
10366.013
14667.001
14695.011
21968.003
22017.013
22257.001
22281.011
22917.001
22928.004
22929.014
22942.011
32280.003
32316.013
33175.003
33222.013
33223.003
33238.013
33243.003
33245.013
33917.003
33953.013
36178.003
36194.013
39850.003
39876.013
46739.003
46761.013
56633.003
56658.013
69849.002
69850.012
69897.001
69914.011
72116.003
72146.013
74661.003
74717.013
74740.003
74790.013
74885.001
74916.011
77297.003
77314.013
99918.001
99938.004
99941.014
99945.004
99948.014
100009.004
100133.014
100146.011
101159.003
101385.013
101584.002
101651.012
101832.001
101853.004
101858.014
101964.004
101967.014
101969.004
101975.014
101979.004
101981.014
101984.004
101998.014
102001.004
102028.014
102038.004
102079.014
102081.004
102096.014
102099.004
102102.014
102112.004
102141.014
102142.004
102144.014
102163.011
102239.002
102252.012
102265.002
102281.012
108161.003
108194.013
110415.002
110431.012
111068.003
111097.013
111177.001
111200.011
111834.001
111885.011
112269.001
112307.011
112514.003
112550.013
112903.001
112933.011
112941.001
112948.011
113036.002
113049.012
113276.003
113318.013
113320.003
113325.013
113347.003
113356.013
113548.003
113585.013
114432.001
114473.011
119795.003
119825.013
119862.003
119901.013
129334.003
129364.013
131734.003
131776.013
141910.003
141939.013
143623.003
143649.013
148788.003
148812.013
152028.003
152033.013
159808.003
159833.013
161575.002
161584.012
161666.003
161673.013
165293.001
165324.011
168488.003
168517.013
179148.001
179172.011
181699.003
181795.013
181802.003
181855.013
182012.001
182027.011
196710.003
196748.013
197522.003
197545.013
197636.001
197669.011
199599.003
199639.013
200644.003
200661.013
201296.001
201312.011
207362.003
207389.013
212499.003
212522.013
218947.003
218979.013
219060.001
219074.011
223517.003
223550.013
233528.003
233584.013
234420.003
234478.013
236380.001
236445.004
236450.014
236464.004
236524.014
236525.004
236534.014
236535.004
236553.014
236561.011
245346.003
245379.013
245508.003
245533.013
245611.001
245628.011
246738.002
246747.012
246757.002
246762.012
247548.003
247550.013
248989.003
249009.013
249400.003
249420.013
249460.002
249507.012
249625.002
249676.012
249718.001
249778.011
249830.002
249840.012
249888.002
249896.012
249900.002
249911.012
249914.002
249939.012
250018.003
250066.013
250079.003
250092.013
250133.002
250175.012
250181.002
250201.012
250205.002
250207.012
250208.002
250210.012
250216.002
250948.012
250950.002
250957.012
250961.002
250970.012
250974.002
250981.012
250984.002
251866.012
252022.002
252221.012
252380.002
252409.012
252413.002
252417.012
252442.002
252851.012
253168.001
253203.011
253293.002
253423.012
253424.002
253456.012
253461.002
253685.012
253686.002
253691.012
253699.002
254326.012
254330.002
254337.012
254342.002
254346.012
254347.002
254349.012
254355.002
254441.012
254677.002
255043.012
255173.002
255394.012
255400.002
256099.012
256139.002
256144.012
256159.002
256177.012
256212.002
256224.012
256422.002
256500.012
256503.002
256505.012
256509.002
256523.012
256530.002
256535.012
256536.002
256546.012
256551.002
256578.012
256853.003
256993.013
257174.001
257181.004
257182.014
257188.004
257191.014
257196.004
257214.014
257275.004
257280.014
257284.004
257288.014
257292.004
257302.014
257306.004
257392.014
257393.004
257410.014
257447.004
257492.014
257493.004
257496.014
257517.011
258752.003
258822.013
258987.001
258999.004
259005.014
259006.004
259054.014
259066.004
259075.014
259138.004
259165.014
259180.011
260973.003
261006.013
263493.003
263544.013
267179.004
267182.014
267260.003
267279.013
270638.003
270662.013
280195.003
280265.013
286946.003
287032.013
287154.001
287218.011
287821.003
287843.013
290106.003
290138.013
291607.003
291686.013
291688.003
291694.013
297480.001
297491.004
297493.014
297508.011
298467.003
298497.013
299250.001
299263.004
299273.014
299284.011
304957.003
304985.013
339009.003
339066.013
339122.003
339147.013
339234.001
339289.011
339324.001
339357.004
339364.014
339380.011
369753.003
369854.013
369965.001
370002.011
387893.003
388027.013
388137.001
388247.011
429735.003
429783.013
430001.001
430056.011
431438.002
431444.012
431541.003
431574.013
431676.003
431713.013
431770.003
431823.013
431940.001
431968.011
431972.001
431974.011
432523.003
432579.013
530889.003
530978.013
530994.003
530995.013
531145.001
531183.011
779689.042
779689.1
80
1
360
1
0.006944
779689.11
788712.101
830511.003
830624.013
831110.003
831112.013
831122.003
831124.013
831564.003
831609.013
832723.003
832751.013
832914.001
832915.021
832935.031
832967.004
832999.014
833014.011
835558.001
835767.011
836352.001
836471.011
837144.001
837272.011
837415.001
837480.011
837651.002
837694.012
837704.101
837886.003
838060.013
838409.003
838442.013
838647.001
838648.021
838668.031
838695.004
838696.014
838745.011
840824.001
840957.011
841493.001
841679.011
842176.001
842200.004
842208.014
842211.004
842218.014
842337.004
842341.014
842370.004
842378.014
842386.004
842394.014
842403.011
842705.002
842737.012
842759.102
842831.002
842857.012
843438.003
843439.023
843459.033
843551.013
845656.003
845747.013
845750.003
845753.013
846140.003
846194.013
846751.001
846802.004
846805.014
846924.011
846926.001
846936.011
847516.001
847537.004
847539.014
847596.011
847796.003
847914.013
847959.003
848065.013
848103.003
848137.013
848176.003
848194.013
848448.001
848490.004
848492.014
848503.004
848508.014
848537.004
848540.014
848541.004
848543.014
848544.004
848545.014
848549.004
848553.014
848635.004
848638.014
848657.004
848660.014
848704.004
848711.014
848732.011
849077.001
849259.011
849576.003
849686.013
849903.002
849952.012
850053.102
850071.001
850118.004
850140.014
850167.011
850168.001
850170.011
850172.001
850276.011
850630.002
850644.012
850759.001
850813.004
850823.014
850857.011
851529.003
851530.023
851550.033
851630.013
853557.003
853710.013
854291.003
854359.013
854632.003
854701.013
854863.001
854939.011
854953.001
854960.011
854976.001
854982.011
855092.001
855113.011
855321.003
855479.013
855481.003
855484.013
855490.003
855554.013
855583.003
855603.013
855706.003
855738.013
855900.001
855936.004
855939.014
856029.011
856063.001
856151.004
856158.014
856194.011
856540.003
856775.013
857033.003
857069.013
857323.001
857384.004
857387.014
857423.011
857428.001
857457.011
857572.002
857585.012
857811.003
857889.013
857896.003
857916.013
858623.001
858741.011
858759.001
858765.011
860259.003
860379.013
860652.001
860683.011
861754.003
861820.013
861920.003
861942.013
861984.003
861985.013
862199.003
862245.013
862249.003
862254.013
862416.001
862429.004
862434.014
862444.004
862447.014
862465.004
862467.014
862485.004
862488.014
862497.004
862501.014
862626.011
862628.001
862642.011
862908.001
862946.011
863118.003
863235.013
863281.003
863371.013
863389.003
863413.013
863432.003
863456.013
863753.003
863894.013
864101.003
864135.013
864262.001
864274.004
864277.014
864350.011
864371.001
864377.011
864579.003
864629.013
864674.003
864704.013
865698.003
865739.013
865754.003
865757.013
865888.001
865999.011
866020.001
866025.011
866227.002
866247.012
866389.003
866460.013
866832.001
866971.011
866979.001
866983.011
867984.003
868165.013
868181.003
868194.013
868296.002
868321.012
868772.001
868881.011
868890.001
868894.011
868896.001
868912.011
869171.001
869194.011
869369.003
869493.013
870740.102
870918.003
870919.023
870939.033
871025.013
872286.101
873231.003
873338.013
874513.003
874594.013
874977.003
875074.013
875312.001
875313.021
875333.031
875390.004
875399.014
875415.011
878353.001
878471.011
879038.003
879327.013
879584.001
879648.004
879654.014
879664.004
879670.014
879804.011
880156.001
880180.011
880523.003
880673.013
880720.003
880819.013
880850.003
880926.013
881216.001
881276.004
881283.014
881297.004
881328.014
881353.011
881458.001
881528.011
881620.001
881696.011
882002.003
882280.013
882593.001
882630.004
882631.014
882798.011
883621.003
883829.013
883834.003
883840.013
883850.003
883910.013
883933.003
883987.013
884288.001
884358.011
884416.001
884453.011
884496.001
884521.011
885140.003
885288.013
885290.003
885293.013
885295.003
885297.013
886235.101
887002.003
887066.013
887067.003
887087.013
887293.001
887294.021
887314.031
887315.004
887317.014
887376.004
887377.014
887378.004
887383.014
887397.011
889496.001
889615.011
889721.001
889752.011
889961.003
890060.013
890676.003
890713.013
890860.001
890869.004
890872.014
890878.004
890881.014
890919.004
890921.014
891009.004
891012.014
891016.004
891024.014
891036.011
891341.001
891375.011
891618.003
891707.013
891709.003
891724.013
892119.001
892131.004
892135.014
892152.004
892154.014
3
25
17
3
25
17
M005
k
1
5
16
20
02
0
00
00
250
7
800
0
0
0
0
0
0
892191.011
892617.003
892717.013
892908.101
893827.003
893895.013
893903.003
893908.013
894026.001
894027.021
894040.004
894041.014
894047.031
894088.004
894107.014
894127.011
896788.001
896797.004
896800.014
896829.004
896832.014
896887.011
897377.003
897477.013
897622.001
897632.004
897641.014
897656.004
897665.014
897677.004
897681.014
897825.011
898222.001
898270.011
898438.101
898444.003
898600.013
898710.001
898711.021
898724.004
898727.014
898731.031
898733.004
898735.014
898806.011
901761.001
901776.004
901778.014
901801.004
901807.014
901813.004
901814.014
901866.011
903010.001
903059.011
903082.001
903162.011
903344.003
903457.013
903597.001
903614.004
903619.014
903627.004
903629.014
903654.004
903657.014
903662.004
903674.014
903869.011
903943.001
903979.004
903982.014
904048.011
904174.002
904193.012
904327.003
904439.013
904508.003
904536.013
904658.001
904673.004
904688.014
904690.004
904697.014
904699.004
904701.014
904857.011
904876.001
904933.004
904946.014
904965.011
905027.001
905091.011
905107.001
905111.011
905184.001
905224.011
905308.001
905319.011
905501.003
905655.013
905678.003
905761.013
905952.001
905964.004
905968.014
905977.004
905979.014
905988.004
905990.014
905992.004
905994.014
905997.004
906000.014
906001.004
906005.014
906007.004
906012.014
906016.004
906031.014
906117.004
906128.014
906150.011
906152.001
906170.011
906229.001
906248.004
906251.014
906276.011
906279.001
906284.011
906677.003
906759.013
906873.001
906882.004
906902.014
906907.004
906921.014
906945.101
906947.021
906967.031
906999.004
907028.014
907043.011
907410.101
909414.001
909415.021
909435.031
909467.004
909490.014
909506.011
910449.102
911860.101
912222.001
912223.021
912232.004
912235.014
912238.004
912239.014
912243.031
912273.004
912274.014
912281.004
912302.014
912318.011
914817.001
914919.004
914921.014
914983.011
916149.001
916261.011
916609.003
916610.023
916630.033
916715.013
918863.003
918921.013
919156.003
919227.013
919413.001
919428.004
919430.014
919495.004
919496.014
919559.011
919673.001
919693.011
920021.002
920028.012
920045.002
920070.012
920208.003
920422.013
920641.001
920654.004
920658.014
920670.004
920675.014
920693.004
920694.014
920819.004
920822.014
920874.011
920913.001
920950.011
920968.001
921001.011
921013.001
921061.011
921190.001
921211.011
921364.002
921382.012
921524.003
921769.013
921907.001
921926.004
921930.014
921936.004
921941.014
921993.004
922006.014
922009.004
922013.014
922031.004
922046.014
922051.004
922067.014
922075.011
922136.001
922147.004
922156.014
922160.004
922163.014
922204.011
922458.003
922572.013
922630.003
922648.013
922809.001
922823.004
922828.014
922838.004
922842.014
922915.004
922917.014
922927.004
922931.014
922946.004
922954.014
922981.011
923687.003
923720.013
923839.001
923865.004
923866.014
923867.004
923874.014
923878.004
923880.014
923947.004
923956.014
923960.004
923964.014
923977.004
923984.014
923987.004
923994.014
924006.004
924014.014
924021.004
924034.014
924040.011
924048.001
924061.011
924095.001
924124.011
924128.001
924133.011
924400.001
924418.004
924422.014
924434.011
924492.001
924515.011
926455.003
926501.013
926541.003
926593.013
926609.003
926614.013
926633.003
926651.013
926756.001
926768.004
926773.014
926784.004
926791.014
926797.004
926801.014
926809.004
926811.014
926815.004
926822.014
926859.004
926865.014
926958.004
926960.014
926982.011
927204.003
927232.013
928195.001
928249.011
929179.003
929227.013
929355.001
929383.004
929385.014
929393.004
929398.014
929413.004
929416.014
929477.004
929484.014
929494.004
929497.014
929505.004
929513.014
929517.004
929524.014
929534.004
929536.014
929546.011
929600.001
929640.011
930599.003
930632.013
930750.001
930783.004
930786.014
930795.004
930799.014
930814.004
930820.014
930854.004
930858.014
930915.004
930936.014
930937.004
930954.014
930962.004
930974.014
931039.004
931044.014
931052.004
931065.014
931073.011
931605.003
931636.013
931670.003
931671.013
931672.003
931740.013
931747.003
931765.013
933284.003
933325.013
933433.001
933443.004
933447.014
933458.004
933461.014
933468.004
933475.014
933566.101
933568.021
933588.031
933625.004
933642.014
933657.011
933717.101
936007.001
936008.021
936028.031
936064.004
936097.014
936114.011
938741.001
938908.011
938909.001
938910.011
939240.001
939339.011
939606.002
939616.012
939748.003
939934.013
939942.003
939951.013
940109.001
940123.004
940124.014
940126.004
940129.014
940141.004
940152.014
940154.004
940157.014
940308.011
940447.001
940501.004
940503.014
940508.004
940528.014
940530.004
940539.014
940585.011
940957.003
940987.013
941160.003
941184.013
941274.001
941285.004
941290.014
941316.004
941318.014
941328.004
941336.014
941341.004
941344.014
941365.004
941366.014
941417.011
941418.001
941419.011
941441.001
941442.011
941444.001
941446.011
941472.001
941580.004
941589.014
941615.011
941656.102
943318.003
943319.023
943339.033
943431.013
945372.003
945462.013
945722.001
945735.004
945737.014
945919.011
945956.001
945995.011
946251.003
946390.013
946580.001
946593.004
946597.014
946676.004
946685.014
946696.004
946700.014
946713.011
947076.003
947085.013
947617.003
947666.013
947673.003
947707.013
947950.001
947963.004
947967.014
948040.004
948042.014
948098.011
948131.001
948135.011
948156.001
948201.011
948837.003
948903.013
949002.001
949013.004
949019.014
949030.004
949035.014
949088.011
949102.001
949165.004
949169.014
949182.011
951446.003
951527.013
951529.003
951530.013
951547.003
951551.013
951660.001
951714.004
951719.014
951721.004
951729.014
951751.004
951754.014
951756.004
951759.014
951819.004
951822.014
951831.004
951837.014
951842.004
951848.014
951857.004
951863.014
951888.004
951891.014
951901.011
952517.003
952565.013
953426.101
954373.003
954505.013
954630.001
954631.021
954644.004
954647.014
954651.031
954698.004
954706.014
954718.011
956125.101
956990.001
956991.021
957003.004
957004.014
957011.031
957017.004
957019.014
957040.004
957041.014
957044.004
957059.014
957072.011
959207.001
959338.004
959342.014
959394.011
959774.001
959817.004
959819.014
959832.011
960309.003
960470.013
960591.001
960600.004
960639.014
960654.004
960656.014
960665.004
960683.014
960706.004
960710.014
960718.004
960721.014
960727.004
960729.014
960826.004
960843.014
960848.004
960852.014
960871.011
960877.001
960932.004
960937.014
960945.004
960958.014
960962.004
960966.014
960967.004
960970.014
960972.004
960996.014
961006.004
961007.014
961008.004
961017.014
961023.004
961040.014
961044.004
961144.014
961152.011
961250.001
961258.004
961271.014
961308.011
961507.002
961524.012
961638.003
961817.013
961829.003
961852.013
961983.001
961999.004
962000.014
962014.004
962031.014
962037.004
962045.014
962056.004
962061.014
962144.004
962153.014
962164.004
962165.014
962167.004
962186.014
962193.011
962208.001
962242.004
962246.014
962255.004
962262.014
962263.004
962271.014
962312.011
962352.001
962371.011
962386.101
962427.001
962428.021
962434.004
962441.014
962448.031
962459.004
962461.014
962465.004
962468.014
962469.004
962471.014
962473.004
962476.014
962483.004
962484.014
962487.004
962506.014
962520.011
963908.101
964904.001
964905.021
964920.004
964922.014
964925.031
964954.004
964956.014
964969.004
964973.014
964989.011
967323.001
967333.004
967336.014
967353.004
967357.014
967379.004
967384.014
967457.004
967462.014
967473.011
967539.001
967565.011
968207.001
968247.011
968596.003
968780.013
968795.003
968813.013
968922.001
968935.004
968952.014
968953.004
968961.014
968964.004
968988.014
968991.004
968998.014
969000.004
969006.014
969100.004
969118.014
969131.011
969133.001
969196.004
969208.014
969212.004
969225.014
969235.004
969239.014
969253.011
969258.001
969276.011
969367.001
969395.011
969641.003
969654.013
969933.001
969948.004
969950.014
969993.011
973202.003
973325.013
973421.001
973434.004
973441.014
973442.004
973445.014
973448.004
973455.014
973458.004
973464.014
973528.011
973530.001
973555.004
973556.014
973585.004
973603.014
973611.004
973620.014
973629.004
973633.014
973637.004
973641.014
973672.011
973677.001
973685.011
973759.001
973778.011
973975.003
974024.013
974118.001
974131.004
974134.014
974149.004
974155.014
974229.004
974235.014
974241.004
974258.014
974268.004
974275.014
974282.011
974408.001
974473.004
974487.014
974497.004
974506.014
974522.011
978278.003
978309.013
978763.003
978825.013
978932.001
978946.004
978949.014
978954.004
978956.014
978960.004
978966.014
978969.004
978973.014
979059.004
979076.014
979082.011
979198.001
979219.011
1024444.003
1024538.013
1024634.001
1024663.004
1024665.014
1024764.004
1024771.014
1024775.004
1024778.014
1024810.011
1038803.101
1049784.102
1121710.003
1121711.023
1121731.033
1121854.013
1123826.003
1123948.013
1124122.001
1124123.021
1124143.031
1124177.004
1124206.014
1124223.011
3
25
17
3
25
17
M005
k
1
5
16
20
02
0
00
00
250
7
800
0
0
0
0
0
0
1126334.001
1126446.011
1126675.001
1126715.011
1127069.003
1127274.013
1127437.001
1127457.004
1127460.014
1127507.004
1127508.014
1127534.004
1127539.014
1127559.004
1127560.014
1127563.004
1127565.014
1127780.004
1127783.014
1127804.011
1128223.003
1128429.013
1128604.003
1128634.013
1128766.001
1128788.004
1128791.014
1128793.004
1128797.014
1128801.004
1128804.014
1128810.004
1128819.014
1129013.011
1129151.001
1129163.011
1129748.003
1129793.013
1130122.001
1130144.004
1130146.014
1130201.011
1157029.102
1158684.101
1183649.003
1183650.023
1183670.033
1183751.013
1185934.003
1186066.013
1186294.001
1186295.021
1186315.031
1186355.004
1186371.014
1186388.011
1189455.001
1189487.004
1189489.014
1189566.011
1189773.001
1189798.004
1189802.014
1189854.011
1190308.002
1190320.012
1190494.003
1190792.013
1191004.001
1191019.004
1191022.014
1191032.004
1191035.014
1191045.004
1191050.014
1191180.004
1191197.014
1191242.004
1191245.014
1191247.004
1191249.014
1191341.004
1191343.014
1191349.004
1191356.014
1191376.011
1191455.001
1191532.004
1191534.014
1191539.102
1191579.011
1191622.001
1191665.011
1191839.002
1191857.012
1192016.003
1192017.023
1192037.033
1192116.013
1192643.101
1194352.003
1194452.013
1195100.001
1195101.021
1195121.031
1195150.004
1195153.014
1195156.004
1195187.014
1195207.011
1197610.001
1197696.011
1198068.001
1198151.011
1198563.003
1198630.013
1198678.003
1198814.013
1199110.001
1199272.011
1199336.001
1199384.011
1199591.001
1199625.011
1199684.001
1199707.011
1199756.101
1199776.001
1199777.021
1199797.004
1199797.031
1199798.014
1199804.004
1199807.014
1199827.004
1199884.014
1199901.011
1202553.001
1202589.004
1202590.014
1202688.004
1202689.014
1202696.004
1202699.014
1202743.011
1203153.001
1203187.011
1203219.101
1203237.001
1203238.021
1203257.004
1203258.031
1203259.014
1203264.004
1203266.014
1203269.004
1203273.014
1203295.004
1203315.014
1203331.011
1205906.001
1205951.004
1205955.014
1206078.004
1206080.014
1206195.011
1206497.001
1206533.004
1206538.014
1206609.011
1207069.101
1207090.003
1207267.013
1207437.001
1207438.021
1207458.004
1207458.031
1207460.014
1207492.004
1207494.014
1207495.004
1207508.014
1207516.004
1207518.014
1207532.011
1209676.001
1209827.011
1210079.001
1210113.011
1210154.001
1210210.011
1210487.001
1210509.011
1210695.003
1210714.013
1210782.003
1210797.013
1216397.101
1220519.102
1230869.001
1230870.021
1230890.031
1230927.004
1230937.014
1230962.011
1231748.101
1233879.001
1233880.021
1233900.031
1233902.004
1233904.014
1233996.011
1236195.001
1236226.004
1236228.014
1236308.004
1236312.014
1236313.101
1236315.021
1236331.004
1236333.014
1236335.031
1236383.004
1236407.014
1236424.011
1238950.001
1238964.004
1238965.014
1238967.004
1238973.014
1238996.004
1238998.014
1239153.011
1240193.001
1240264.011
1240542.003
1240543.023
1240563.033
1240663.013
1242681.101
1243156.003
1243231.013
1243300.003
1243346.013
1243534.001
1243535.021
1243547.004
1243550.014
1243555.031
1243619.004
1243621.014
1243634.011
1246147.001
1246182.004
1246187.014
1246211.004
1246212.014
1246220.004
1246221.014
1246277.004
1246290.014
1246297.004
1246299.014
1246312.011
1246384.001
1246396.004
1246400.014
1246476.004
1246479.014
1246496.011
1246801.001
1246832.011
1247013.003
1247203.013
1247350.001
1247365.004
1247375.014
1247413.004
1247416.014
1247457.004
1247463.014
1247487.011
1247575.001
1247631.011
1250771.101
1289329.102
1301557.003
1301558.023
1301578.033
1301657.013
1303645.003
1303718.013
1303849.001
1303850.021
1303865.004
1303867.014
1303870.031
1303901.004
1303937.014
1303949.011
1305413.101
1306104.001
1306105.021
1306125.031
1306155.004
1306156.014
1306166.004
1306205.014
1306218.011
1308209.001
1308245.004
1308249.014
1308267.004
1308273.014
1308390.004
1308395.014
1308410.004
1308411.014
1308423.011
1308562.001
1308592.011
1308982.003
1309215.013
1309392.001
1309403.004
1309406.014
1309409.004
1309412.014
1309416.004
1309419.014
1309456.004
1309476.014
1309588.004
1309592.014
1309612.011
1309614.001
1309625.011
1309710.001
1309725.004
1309727.014
1309758.011
1310286.001
1310323.004
1310325.014
1310446.011
1311886.101
1313883.003
1313933.013
1313992.003
1314016.013
1314127.001
1314128.021
1314147.004
1314148.031
1314151.014
1314176.004
1314200.014
1314209.004
1314212.014
1314229.011
1315614.101
1316058.001
1316059.021
1316078.004
1316079.031
1316081.014
1316083.004
1316084.014
1316112.004
1316153.014
1316172.011
1317007.101
1318472.001
1318473.021
1318493.031
1318527.004
1318553.014
1318567.011
1320492.001
1320507.004
1320510.014
1320539.004
1320541.014
1320547.004
1320549.014
1320670.011
1320920.001
1321001.011
1321006.001
1321025.011
1321110.001
1321131.011
1321366.001
1321381.011
1321563.003
1321693.013
1321823.001
1321837.004
1321841.014
1321845.004
1321861.014
1321959.004
1321962.014
1321968.004
1321972.014
1321973.004
1321975.014
1321991.004
1322008.014
1322038.004
1322042.014
1322082.011
1322149.001
1322173.011
1322453.101
1348934.102
1398151.003
1398152.023
1398172.033
1398275.013
1398422.102
1399860.003
1399861.023
1399881.033
1399957.013
1401881.003
1402109.013
1402340.001
1402341.021
1402361.031
1402437.011
1402999.102
1404334.001
1404469.004
1404473.014
1404504.011
1404725.001
1404804.011
1405214.003
1405215.023
1405232.101
1405235.033
1405314.013
1407431.003
1407544.013
1407861.001
1407862.021
1407882.031
1407917.004
1407918.014
1407928.004
1407948.014
1407969.011
1409779.001
1409915.011
1410086.001
1410173.011
1410740.003
1410913.013
1410924.003
1410952.013
1411184.001
1411208.004
1411210.014
1411217.004
1411227.014
1411301.004
1411304.014
1411334.011
1411364.001
1411431.011
1411463.001
1411477.011
1411482.001
1411492.004
1411496.014
1411508.011
1411592.001
1411623.011
1411879.003
1411909.013
1412364.101
1413089.002
1413159.012
1413303.003
1413327.013
1413698.001
1413699.021
1413719.031
1413758.004
1413783.014
1413799.011
1415922.001
1416047.011
1416423.001
1416450.011
1416638.003
1416827.013
1416995.001
1417078.011
1417098.001
1417127.011
1418520.003
1418579.013
1418730.001
1418761.011
1433979.003
1433990.013
1435567.101
1494680.102
1721220.003
1721221.023
1721241.033
1721336.013
1723191.003
1723275.013
1723467.001
1723468.021
1723488.031
1723524.004
1723527.014
1723529.004
1723562.014
1723578.011
1725321.001
1725388.011
1726372.001
1726452.011
1727149.003
1727219.013
1727310.003
1727366.013
1727541.001
1727573.004
1727576.014
1727641.004
1727641.102
1727644.014
1727722.004
1727724.014
1727730.004
1727732.014
1727748.004
1727756.014
1727758.004
1727761.014
1727772.011
1727952.001
1727994.011
1728234.003
1728235.023
1728255.033
1728328.013
1730606.003
1730692.013
1731154.003
1731193.013
1731414.001
1731441.004
1731443.014
1731448.004
1731453.014
1731477.004
1731479.014
1731497.004
1731522.014
1731597.011
1731720.001
1731768.011
1732109.003
1732327.013
1732397.003
1732414.013
1732431.003
1732456.013
1732463.003
1732482.013
1733095.003
1733175.013
1733342.003
1733382.013
1733548.001
1733625.004
1733629.014
1733636.004
1733651.014
1733659.004
1733663.014
1733718.004
1733720.014
1733735.004
1733739.014
1733823.004
1733829.014
1733854.004
1733855.014
1733894.011
1734113.001
1734146.011
1734438.003
1734659.013
1736308.003
1736442.013
1736625.001
1736693.004
1736695.014
1736706.004
1736710.014
1736729.004
1736737.014
1736742.004
1736750.014
1736755.004
1736759.014
1736763.004
1736766.014
1736768.004
1736771.014
1736808.004
1736824.014
1736857.011
1736895.001
1736966.011
1736975.001
1737028.011
1737081.001
1737113.004
1737115.014
1737164.011
1737180.001
1737185.011
1738529.003
1738607.013
1738786.001
1738851.011
1738881.001
1738886.011
1739070.003
1739098.013
1739139.003
1739197.013
1739205.003
1739210.013
1739554.001
1739602.011
1759538.102
1764300.101
1818426.003
1818427.023
1818447.033
1818528.013
1820010.003
1820063.013
1820290.001
1820291.021
1820311.031
1820392.011
1821410.101
1822350.001
1822351.021
1822371.031
1822372.004
1822374.014
1822412.004
1822413.014
1822417.004
1822495.014
1822517.011
1824615.001
1824630.004
1824633.014
1824654.004
1824656.014
1824670.004
1824671.014
1824676.004
1824678.014
1824684.004
1824690.014
1824765.004
1824767.014
1824779.004
1824782.014
1824788.004
1824790.014
1824810.011
1825023.001
1825068.011
1825405.003
1825647.101
1825660.013
1825915.001
1825916.021
1825936.031
1825966.004
1825969.014
1825981.004
1825984.014
1825985.004
1825999.014
1826012.011
1827965.001
1827984.004
1827987.014
1828007.004
1828012.014
1828134.004
1828138.014
1828164.011
1828307.001
1828351.101
1828353.021
1828356.011
1828373.031
1828376.001
1828408.004
1828437.014
1828455.011
1830512.001
1830543.004
1830545.014
1830628.011
1830730.001
1830823.011
1830902.001
1831037.011
1831487.003
1831603.013
1831612.003
1831702.013
1831944.001
1831954.004
1831958.014
1832054.004
1832074.014
1832127.011
1832423.001
1832476.011
1833015.003
1833220.013
1833454.001
1833470.004
1833474.014
1833476.004
1833479.014
1833522.004
1833530.014
1833608.011
1833623.001
1833733.011
1838939.101
1841188.102
1960560.001
1960561.021
1960572.004
1960575.014
1960581.031
1960620.004
1960621.014
1960623.004
1960650.014
1960668.011
1961961.001
1961977.004
1961978.014
1962067.011
1962420.003
1962421.023
1962441.033
1962524.013
1964452.003
1964544.013
1964888.001
1964923.004
1964925.014
1965007.004
1965014.014
1965019.004
1965027.014
1965030.004
1965035.014
1965086.011
1965208.001
1965237.011
1965574.003
1965658.013
1965699.003
1965754.013
1966112.001
1966132.004
1966136.014
1966188.011
1966207.001
1966216.011
1966338.001
1966431.011
1966689.003
1966821.013
1966845.003
1966892.013
